1 19.9627 0.13
2 18.0544 0.2
3 15.0588 0.2
4 12.3661 0.32
5 10.9518 0.29
6 9.54718 0.42
7 10.0341 0.4
8 8.21127 0.37
9 9.64879 0.39
10 7.8912 0.49
11 6.74193 0.51
12 5.16196 0.58
13 6.51682 0.49
14 6.60065 0.61
15 5.6414 0.62
16 4.90684 0.62
17 4.02116 0.69
18 3.37728 0.68
19 2.94888 0.71
20 3.86903 0.7
21 4.93029 0.68
22 3.46407 0.73
23 5.52065 0.62
24 2.89456 0.7
25 2.50487 0.76
26 2.93617 0.75
27 4.49161 0.7
28 4.74721 0.76
29 1.75778 0.83
30 1.92142 0.81
31 4.51764 0.69
32 2.51606 0.81
33 2.26132 0.78
34 2.22082 0.77
35 2.23944 0.79
36 2.27148 0.79
37 3.27566 0.79
38 3.67303 0.79
39 2.55091 0.81
40 2.00463 0.84
41 2.16806 0.84
42 2.6141 0.8
43 2.09644 0.82
44 2.23979 0.83
45 2.19401 0.82
46 1.17007 0.91
47 2.44554 0.84
48 1.81989 0.83
49 1.5481 0.86
50 1.48318 0.87
51 2.6375 0.82
52 2.37289 0.79
53 1.11909 0.89
54 2.28174 0.82
55 1.03281 0.88
56 1.90101 0.83
57 2.65283 0.8
58 3.63833 0.74
59 1.7245 0.82
60 2.11063 0.82
61 1.09883 0.92
62 0.902938 0.9
63 1.64406 0.86
64 1.10695 0.88
65 1.71939 0.85
66 1.77309 0.9
67 1.2882 0.9
68 1.00307 0.88
69 3.42314 0.71
70 2.32271 0.79
71 1.28313 0.86
72 1.75734 0.85
73 3.8111 0.7
74 1.59885 0.85
75 1.83264 0.84
76 1.41225 0.87
77 1.20949 0.87
78 1.3043 0.88
79 1.65183 0.86
80 2.63347 0.82
81 0.981904 0.91
82 2.2264 0.83
83 2.88707 0.82
84 1.16054 0.86
85 2.0763 0.81
86 1.03617 0.91
87 2.32722 0.86
88 3.48502 0.72
89 2.43293 0.83
90 1.99409 0.87
91 0.90744 0.92
92 1.20474 0.88
93 1.76287 0.84
94 2.13868 0.85
95 1.89087 0.84
96 1.72675 0.83
97 1.61559 0.87
98 1.52854 0.86
99 0.985095 0.87
100 0.807256 0.88
101 1.34216 0.88
102 2.04123 0.82
103 5.18165 0.72
104 1.10954 0.91
105 1.71967 0.83
