1 14.2804 0.1
2 21.6379 0.19
3 26.3565 0.23
4 17.0743 0.31
5 7.89468 0.48
6 2.9486 0.72
7 8.42441 0.46
8 10.1329 0.28
9 5.69729 0.54
10 3.6964 0.63
11 3.80689 0.69
12 4.19661 0.6
13 2.95188 0.64
14 3.15365 0.64
15 5.17337 0.6
16 3.81032 0.72
17 3.0844 0.75
18 3.16989 0.66
19 2.79255 0.72
20 2.47965 0.76
21 2.26007 0.82
22 1.7922 0.79
23 1.69629 0.79
24 1.51266 0.8
25 2.21651 0.83
26 2.08018 0.77
27 2.13437 0.79
28 2.28921 0.76
29 2.49129 0.81
30 1.62887 0.81
31 1.7414 0.78
32 1.56924 0.84
33 1.76296 0.82
34 2.87729 0.8
35 2.36106 0.75
36 2.05863 0.85
37 1.5324 0.85
38 1.54275 0.84
39 1.0428 0.85
40 1.29371 0.87
41 1.23642 0.88
42 1.29601 0.83
43 1.76018 0.86
44 2.07799 0.79
45 1.94673 0.86
46 1.10255 0.86
47 2.10936 0.82
48 1.59568 0.79
49 1.24066 0.86
50 1.08938 0.86
51 1.34498 0.87
52 1.72015 0.82
53 1.06015 0.86
54 0.825021 0.91
55 1.7347 0.82
56 1.0976 0.89
57 1.5371 0.85
58 0.92177 0.91
59 1.43052 0.83
60 1.43495 0.89
61 0.661493 0.91
62 0.628587 0.89
63 1.41505 0.88
64 0.423617 0.92
65 0.897573 0.93
66 0.819246 0.9
67 1.10866 0.91
68 0.387582 0.97
69 0.625313 0.87
70 1.29151 0.84
71 1.21456 0.89
72 0.77663 0.89
73 0.941517 0.89
74 0.950657 0.91
75 1.03865 0.87
76 0.740611 0.89
77 0.454703 0.93
78 0.329254 0.95
79 0.552661 0.93
80 0.240436 0.91
81 0.848822 0.84
82 0.985025 0.92
83 0.814962 0.9
84 0.515853 0.91
85 0.426006 0.93
86 1.44569 0.82
87 0.701939 0.89
88 0.20087 0.94
89 0.983042 0.86
90 1.12952 0.85
91 0.596828 0.94
92 0.287747 0.95
93 0.954744 0.87
94 1.1741 0.86
95 1.50901 0.84
96 1.15237 0.85
97 1.15203 0.86
98 1.16202 0.87
99 0.753064 0.9
100 0.716407 0.9
101 1.17355 0.88
102 1.17465 0.86
103 1.16097 0.87
104 0.886511 0.94
105 0.718379 0.89
106 0.791136 0.91
107 0.287821 0.96
108 1.24213 0.86
109 1.06427 0.89
110 0.647409 0.91
111 0.937204 0.9
112 0.436968 0.92
113 0.791071 0.89
114 0.931151 0.93
115 0.721605 0.91
116 0.520538 0.93
117 0.206848 0.97
118 0.979555 0.89
119 0.965168 0.91
120 0.254405 0.95
121 0.32106 0.96
122 0.688476 0.89
123 0.579185 0.93
124 1.30926 0.91
125 0.615631 0.88
126 0.355192 0.95
127 0.50524 0.95
128 0.285057 0.97
129 0.689224 0.92
130 0.376105 0.94
131 0.409969 0.92
132 1.20136 0.89
133 0.718204 0.9
134 0.695988 0.94
135 0.580416 0.94
136 0.339739 0.95
137 0.373453 0.95
138 1.13855 0.91
139 0.83593 0.93
140 0.852933 0.9
141 0.247792 0.96
142 0.532304 0.93
143 0.461298 0.95
144 0.988123 0.87
145 0.984731 0.91
146 0.969861 0.92
147 0.432282 0.93
148 0.708581 0.92
149 0.817362 0.9
150 0.60087 0.92
151 0.820276 0.86
152 0.190477 0.96
153 0.953365 0.89
154 0.691247 0.93
155 0.930734 0.87
156 0.313196 0.94
157 0.868223 0.89
158 0.316407 0.96
159 0.646471 0.89
160 0.77027 0.9
161 0.319213 0.93
162 1.10426 0.87
163 0.569686 0.91
164 0.411535 0.96
165 0.281394 0.92
166 0.352569 0.95
167 0.73026 0.92
168 0.556036 0.91
169 0.403091 0.93
170 0.463861 0.93
171 1.0317 0.9
172 0.750207 0.92
173 0.830676 0.91
174 0.590885 0.93
175 0.0710014 0.97
176 0.424398 0.94
177 0.0996467 0.96
178 0.381669 0.92
179 0.540349 0.97
180 0.37267 0.91
181 0.762476 0.9
182 0.432933 0.95
183 0.648753 0.91
184 0.260487 0.94
185 0.4408 0.96
186 0.371902 0.95
187 0.372663 0.94
188 0.583401 0.95
189 0.952714 0.89
190 1.11632 0.91
191 0.80403 0.88
192 0.467414 0.97
193 0.794282 0.94
194 0.58007 0.91
195 1.15739 0.89
196 0.339703 0.93
197 0.538412 0.95
198 0.624509 0.93
199 0.673148 0.92
200 0.80407 0.88
201 0.63682 0.96
202 0.570456 0.92
203 1.18133 0.83
204 0.273423 0.95
205 0.395202 0.94
206 0.384138 0.94
207 0.361446 0.92
208 0.498582 0.93
209 0.146806 0.97
210 0.414009 0.94
211 0.273916 0.94
212 0.352421 0.95
213 0.47633 0.94
214 0.264737 0.93
215 0.66706 0.93
216 0.567188 0.94
217 0.080354 0.98
218 1.24496 0.81
219 0.75708 0.92
220 0.986304 0.87
221 0.287819 0.95
222 0.296759 0.96
223 0.502056 0.94
224 0.800586 0.92
225 0.338298 0.95
226 1.04256 0.91
227 0.840849 0.95
228 0.836591 0.87
229 0.188419 0.98
230 0.152782 0.96
231 0.261744 0.93
232 0.974276 0.89
233 0.389874 0.94
234 1.10827 0.89
235 0.301416 0.93
236 0.204082 0.93
237 0.93118 0.91
238 0.798949 0.9
239 1.06024 0.91
240 0.214101 0.93
241 0.740293 0.87
242 0.341668 0.96
243 0.15808 0.95
244 0.20044 0.97
245 0.379728 0.95
246 0.390464 0.94
247 0.469499 0.93
248 0.730733 0.88
249 0.656984 0.94
250 0.0495325 0.99
251 0.126923 0.97
252 0.729433 0.89
253 0.423377 0.94
254 0.56796 0.92
255 0.241956 0.96
256 0.60662 0.96
257 0.251656 0.93
258 0.320801 0.95
259 0.0586033 0.97
260 0.329584 0.91
261 0.321742 0.96
262 0.233829 0.93
263 0.442542 0.94
264 0.635231 0.93
265 0.350015 0.95
266 0.416441 0.95
267 0.373587 0.93
268 0.330751 0.93
269 0.179798 0.94
270 0.41053 0.94
271 0.223118 0.93
272 0.895313 0.94
273 0.381897 0.93
274 0.0315698 0.98
275 0.34549 0.95
276 0.374889 0.96
277 0.291677 0.94
278 0.729359 0.94
279 0.565924 0.94
280 0.300409 0.94
281 0.563083 0.93
282 0.227232 0.96
283 0.282715 0.96
284 0.0921838 0.98
285 0.508752 0.9
286 0.272474 0.94
287 0.467848 0.96
288 0.730036 0.92
289 0.823728 0.91
290 0.166023 0.95
291 0.141465 0.97
292 0.149463 0.96
293 0.450406 0.92
294 0.706783 0.89
295 0.554241 0.91
296 0.219448 0.96
297 0.311393 0.95
298 0.344766 0.94
299 0.391058 0.93
300 0.393751 0.95
301 0.614341 0.93
302 0.824667 0.9
303 0.328389 0.93
304 0.34997 0.92
305 0.517485 0.91
306 0.0830986 0.98
307 0.341852 0.95
308 0.360081 0.94
309 0.356597 0.97
310 0.400349 0.94
311 0.239865 0.96
312 0.156961 0.96
313 0.263108 0.96
314 0.621443 0.92
315 0.153736 0.97
316 0.321979 0.96
317 0.688597 0.91
318 0.156541 0.98
319 0.292339 0.95
320 0.179151 0.99
321 0.560108 0.91
322 0.580415 0.91
323 0.115146 0.98
324 0.869317 0.94
325 0.871314 0.9
326 0.613823 0.94
327 0.547728 0.92
328 0.263964 0.97
329 0.215731 0.96
330 0.113978 0.96
331 0.193653 0.94
332 0.451098 0.93
333 0.294157 0.96
334 0.276068 0.97
335 0.201218 0.96
336 0.212429 0.96
337 0.492965 0.96
338 0.0507087 0.97
339 0.0922469 0.96
340 0.373489 0.96
341 0.235413 0.93
342 0.656263 0.9
343 0.0580405 0.97
344 0.442298 0.92
345 0.168068 0.94
346 0.326251 0.95
347 0.496091 0.9
348 0.512508 0.92
349 0.356045 0.95
350 0.168224 0.95
351 0.919503 0.87
352 0.152046 0.98
353 0.639264 0.94
354 0.123574 0.98
355 0.632441 0.91
356 0.351676 0.96
357 0.166741 0.97
358 0.0544627 0.99
359 0.375087 0.9
360 0.375473 0.94
361 0.286572 0.97
362 0.748215 0.89
363 0.216582 0.98
364 0.530418 0.95
365 0.223627 0.95
366 0.185633 0.95
367 0.272136 0.95
368 0.521168 0.93
369 0.0919962 0.96
370 0.252553 0.93
371 0.302011 0.97
372 0.366992 0.95
373 0.507265 0.96
374 0.328155 0.93
375 0.209369 0.95
376 0.619926 0.93
377 0.411006 0.93
378 0.114913 0.97
379 0.0174971 0.99
380 0.0163535 0.99
381 0.0469479 0.98
382 0.10565 0.95
383 0.250198 0.96
384 0.241886 0.95
385 0.419319 0.92
386 0.139694 0.97
387 0.0606944 0.99
388 0.455908 0.96
389 0.027731 0.98
390 0.299555 0.96
391 0.282064 0.95
392 0.378503 0.95
393 0.361278 0.96
394 0.200205 0.97
395 0.185736 0.97
396 0.153283 0.97
397 0.280162 0.95
398 0.408614 0.95
399 0.270634 0.96
400 0.176821 0.97
401 0.246608 0.97
402 0.142182 0.96
403 0.609495 0.92
404 0.330393 0.93
405 0.340668 0.97
406 0.188813 0.96
407 0.162204 0.97
408 0.114672 0.97
409 0.453853 0.94
410 0.157711 0.98
411 0.597187 0.95
412 0.138123 0.96
413 0.197451 0.96
414 0.513443 0.91
415 0.332596 0.94
416 0.252995 0.92
417 0.268806 0.94
418 0.162584 0.96
419 0.268603 0.94
420 0.340253 0.94
421 0.172084 0.97
422 0.143949 0.96
423 0.396177 0.95
424 0.0160887 0.99
425 0.130403 0.96
426 0.0718205 0.97
427 0.16378 0.96
428 0.263408 0.96
429 0.234601 0.97
430 0.196457 0.98
431 0.410187 0.93
432 0.346419 0.93
433 0.241577 0.93
434 0.382361 0.91
435 0.0100648 0.99
436 0.233292 0.95
437 0.102036 0.96
438 0.575654 0.9
439 0.193764 0.95
440 0.0483544 0.98
441 0.271841 0.94
442 0.417308 0.94
443 0.250866 0.94
444 0.436214 0.94
445 0.109449 0.97
446 0.00539626 1.0
447 0.310873 0.98
448 0.370734 0.94
449 0.168303 0.96
450 0.315854 0.95
451 0.0548336 0.97
452 0.543694 0.92
453 0.716542 0.95
454 0.171153 0.95
455 0.374993 0.95
456 0.113897 0.99
457 0.121906 0.97
458 0.192336 0.96
459 0.586596 0.92
460 0.0728835 0.97
461 0.279514 0.96
462 0.249766 0.93
463 0.220821 0.97
464 0.245871 0.98
465 0.175606 0.97
466 0.12203 0.96
467 0.168882 0.96
468 0.314787 0.95
469 0.0922371 0.99
470 0.189155 0.96
471 0.219395 0.95
472 0.0680241 0.97
473 0.359413 0.98
474 0.193763 0.94
475 0.192809 0.97
476 0.167122 0.94
477 0.09281 0.99
478 0.534749 0.94
479 0.161361 0.97
480 0.120643 0.96
481 0.162378 0.95
482 0.202023 0.96
483 0.221018 0.94
484 0.320574 0.95
485 0.104438 0.97
486 0.134929 0.97
487 0.157133 0.96
488 0.103282 0.98
489 0.208762 0.93
490 0.147607 0.95
491 0.0675289 0.98
492 0.195709 0.97
493 0.348285 0.98
494 0.177419 0.96
495 0.0445615 0.99
496 0.515153 0.94
497 0.151318 0.96
498 0.0711201 0.97
499 0.0590264 0.97
500 0.177806 0.96
501 0.579642 0.9
502 0.161321 0.94
503 0.603514 0.92
504 0.809356 0.91
505 0.547156 0.9
506 0.453388 0.92
507 0.521673 0.93
508 0.431621 0.92
509 0.535037 0.9
510 0.679136 0.93
511 0.601597 0.93
512 0.508828 0.9
513 0.556865 0.91
514 1.19558 0.87
515 0.525214 0.93
516 1.30211 0.8
517 0.375434 0.94
518 0.271331 0.97
519 0.318065 0.94
520 0.38168 0.91
521 0.170169 0.96
522 0.641601 0.91
523 0.449602 0.91
524 0.330472 0.95
525 0.585824 0.92
526 0.593821 0.9
527 0.617658 0.91
528 1.08954 0.86
529 0.438823 0.92
530 0.484849 0.9
531 0.617459 0.93
532 0.590973 0.9
533 0.317604 0.96
534 1.08229 0.87
535 0.425241 0.93
536 0.453155 0.92
537 0.878991 0.88
538 0.61305 0.86
539 0.560821 0.94
540 0.0487224 0.97
541 0.224603 0.95
542 0.375905 0.95
543 0.344845 0.95
544 0.33004 0.94
545 0.634766 0.88
546 0.226598 0.93
547 0.466066 0.91
548 0.426277 0.92
549 0.554752 0.92
550 0.269089 0.94
551 0.312449 0.93
552 0.245642 0.95
553 0.241483 0.93
554 0.618539 0.9
555 0.520884 0.9
556 0.290929 0.94
557 0.277386 0.91
558 0.504564 0.93
559 0.220518 0.96
560 0.559552 0.86
561 0.0598083 0.98
562 0.343612 0.91
563 0.332643 0.92
564 0.314935 0.93
565 0.247755 0.92
566 0.375451 0.9
567 0.43906 0.94
568 0.248202 0.94
569 0.3349 0.89
570 0.0712301 0.98
571 0.0731039 0.99
572 0.466614 0.91
573 0.339665 0.93
574 0.230092 0.97
575 0.242469 0.95
576 0.262397 0.93
577 0.395178 0.91
578 0.340459 0.92
579 0.199536 0.96
580 0.305619 0.91
581 0.158775 0.93
582 0.188124 0.93
583 0.197216 0.95
584 0.274142 0.92
585 0.113627 0.97
586 0.433483 0.89
587 0.29438 0.94
588 0.219833 0.95
589 0.529267 0.88
590 0.389455 0.91
591 0.419872 0.92
592 0.146195 0.96
593 0.223012 0.95
594 0.100246 0.98
595 0.371704 0.92
596 0.631192 0.9
597 0.439461 0.94
598 0.338945 0.92
599 0.256842 0.97
600 0.426483 0.91
601 0.232953 0.93
602 0.277372 0.94
603 0.844105 0.88
604 0.366908 0.93
605 0.254566 0.93
606 0.409949 0.91
607 0.0642459 0.97
608 0.253559 0.95
609 0.259797 0.93
610 0.140801 0.96
611 0.251045 0.9
612 0.393057 0.93
613 0.356067 0.91
614 0.279062 0.93
615 0.307107 0.93
616 0.152092 0.94
617 0.0982308 0.97
618 0.378704 0.91
619 0.307469 0.94
620 0.0653693 0.99
621 0.373624 0.93
622 0.494921 0.9
623 0.231466 0.93
624 0.334893 0.93
625 0.115385 0.97
626 0.113652 0.93
627 0.239419 0.93
628 0.142899 0.95
629 0.202971 0.94
630 0.0739185 0.98
631 0.32562 0.94
632 0.222776 0.93
633 0.368912 0.87
634 0.523613 0.9
635 0.297925 0.95
636 0.180125 0.95
637 0.17096 0.94
638 0.231194 0.97
639 0.275083 0.9
640 0.164113 0.96
641 0.12943 0.97
642 0.198831 0.95
643 0.170329 0.95
644 0.168218 0.95
645 0.302136 0.94
646 0.192189 0.94
647 0.361048 0.93
648 0.291408 0.94
649 0.274693 0.95
650 0.244128 0.92
651 0.254023 0.92
652 0.266403 0.95
653 0.0485816 0.98
654 0.163167 0.94
655 0.0554987 0.98
656 0.145745 0.97
657 0.294646 0.93
658 0.20492 0.94
659 0.198653 0.96
660 0.331082 0.94
661 0.214124 0.92
662 0.365873 0.92
663 0.118101 0.97
664 0.218354 0.93
665 0.196353 0.93
666 0.35762 0.94
667 0.103286 0.97
668 0.232156 0.97
669 0.134224 0.94
670 0.204328 0.92
671 0.243 0.92
672 0.324614 0.93
673 0.312988 0.93
674 0.169362 0.99
675 0.0714654 0.98
676 0.151227 0.95
677 0.290558 0.91
678 0.171498 0.96
679 0.178283 0.94
680 0.17294 0.94
681 0.370552 0.9
682 0.147223 0.96
683 0.128563 0.94
684 0.112855 0.97
685 0.22658 0.92
686 0.0371124 0.98
687 0.119973 0.96
688 0.238702 0.93
689 0.145732 0.94
690 0.161536 0.95
691 0.389371 0.92
692 0.115087 0.97
693 0.190067 0.92
694 0.101725 0.96
695 0.131939 0.97
696 0.0752133 0.96
697 0.299825 0.95
698 0.146735 0.95
699 0.0460679 0.98
700 0.203563 0.93
701 0.173801 0.95
702 0.18767 0.93
703 0.41571 0.92
704 0.280552 0.96
705 0.200946 0.95
706 0.0610447 0.98
707 0.190598 0.94
708 0.109192 0.97
709 0.200916 0.96
710 0.0776534 0.97
711 0.292039 0.94
712 0.0939726 0.98
713 0.0237902 0.98
714 0.197784 0.95
715 0.385899 0.93
716 0.296112 0.9
717 0.068342 0.97
718 0.42837 0.93
719 0.253 0.94
720 0.294821 0.93
721 0.236679 0.93
722 0.129448 0.97
723 0.155278 0.96
724 0.277777 0.95
725 0.123626 0.96
726 0.141309 0.96
727 0.345998 0.94
728 0.125444 0.96
729 0.102085 0.95
730 0.157848 0.93
731 0.163739 0.97
732 0.310951 0.94
733 0.27739 0.93
734 0.0638104 0.99
735 0.0478742 0.98
736 0.132689 0.96
737 0.311819 0.94
738 0.382465 0.93
739 0.241856 0.94
740 0.346227 0.91
741 0.404884 0.94
742 0.2399 0.95
743 0.0514823 0.99
744 0.387923 0.95
745 0.13896 0.97
746 0.176485 0.96
747 0.210523 0.94
748 0.164462 0.94
749 0.151552 0.97
750 0.0466278 0.98
751 0.159486 0.96
752 0.107753 0.96
753 0.078997 0.98
754 0.209691 0.94
755 0.15619 0.96
756 0.279771 0.98
757 0.0923489 0.97
758 0.24084 0.94
759 0.0338531 0.99
760 0.120345 0.96
761 0.123554 0.96
762 0.0665915 0.99
763 0.201795 0.94
764 0.0990029 0.96
765 0.0817669 0.98
766 0.194844 0.94
767 0.251964 0.93
768 0.141006 0.94
769 0.165456 0.96
770 0.106401 0.93
771 0.192162 0.96
772 0.325679 0.93
773 0.164277 0.97
774 0.132291 0.97
775 0.206617 0.96
776 0.16916 0.95
777 0.247244 0.95
778 0.0549631 0.98
779 0.15196 0.94
780 0.0805859 0.97
781 0.198166 0.94
782 0.0303246 0.99
783 0.161281 0.94
784 0.0708318 0.97
785 0.119089 0.95
786 0.179234 0.96
787 0.122149 0.97
788 0.267095 0.9
789 0.154476 0.97
790 0.164103 0.97
791 0.154852 0.96
792 0.0462211 0.99
793 0.222753 0.92
794 0.102609 0.97
795 0.0866983 0.98
796 0.101376 0.96
797 0.0813956 0.96
798 0.0844361 0.98
799 0.141318 0.98
800 0.0667707 0.97
801 0.152156 0.93
802 0.173696 0.93
803 0.217234 0.93
804 0.198569 0.95
805 0.134569 0.95
806 0.0154559 1.0
807 0.0797245 0.97
808 0.169787 0.96
809 0.103343 0.96
810 0.116221 0.95
811 0.0326663 0.99
812 0.0514846 0.98
813 0.113287 0.98
814 0.168849 0.95
815 0.140288 0.95
816 0.186312 0.97
817 0.340528 0.9
818 0.0879826 0.96
819 0.46236 0.87
820 0.088103 0.98
821 0.0802621 0.97
822 0.0858326 0.95
823 0.0807809 0.97
824 0.182016 0.96
825 0.523311 0.9
826 0.291284 0.94
827 0.182056 0.94
828 0.0380035 0.99
829 0.119537 0.96
830 0.147504 0.94
831 0.244754 0.97
832 0.18477 0.95
833 0.0929365 0.95
834 0.111171 0.94
835 0.0970707 0.95
836 0.0450909 0.99
837 0.310803 0.93
838 0.116009 0.98
839 0.0853466 0.98
840 0.0399884 0.99
841 0.0676827 0.98
842 0.157216 0.96
843 0.0824309 0.97
844 0.206008 0.94
845 0.169198 0.93
846 0.132982 0.97
847 0.170535 0.93
848 0.267285 0.9
849 0.131489 0.97
850 0.0396972 0.99
851 0.227219 0.95
852 0.100036 0.96
853 0.336359 0.93
854 0.0915318 0.98
855 0.418374 0.9
856 0.157291 0.96
857 0.0650009 0.98
858 0.0741882 0.98
859 0.214428 0.94
860 0.226581 0.92
861 0.100938 0.98
862 0.274723 0.94
863 0.0781638 0.98
864 0.127844 0.95
865 0.19195 0.96
866 0.189213 0.97
867 0.115865 0.97
868 0.128335 0.97
869 0.134469 0.94
870 0.189189 0.97
871 0.254478 0.95
872 0.113176 0.95
873 0.211077 0.95
874 0.273737 0.93
875 0.136266 0.94
876 0.154868 0.94
877 0.140972 0.96
878 0.0982874 0.97
879 0.150048 0.95
880 0.0330953 0.99
881 0.0233175 0.99
882 0.0646821 0.97
883 0.147085 0.93
884 0.0756635 0.98
885 0.14832 0.94
886 0.08665 0.98
887 0.0495873 0.99
888 0.0571364 0.97
889 0.0538718 0.98
890 0.123157 0.95
891 0.0968254 0.96
892 0.174885 0.94
893 0.177098 0.97
894 0.0865404 0.99
895 0.127462 0.95
896 0.15215 0.97
897 0.163148 0.94
898 0.167482 0.93
899 0.0891556 0.97
900 0.169652 0.95
901 0.107716 0.96
902 0.156317 0.97
903 0.219111 0.95
904 0.16869 0.93
905 0.119476 0.96
906 0.120396 0.97
907 0.0382085 0.99
908 0.0330771 0.99
909 0.0924127 0.97
910 0.0832722 0.96
911 0.231151 0.93
912 0.167166 0.96
913 0.107471 0.98
914 0.10739 0.96
915 0.0670278 0.98
916 0.0653295 0.98
917 0.163795 0.95
918 0.107996 0.99
919 0.0828216 0.96
920 0.118606 0.98
921 0.101022 0.97
922 0.0704926 0.99
923 0.216369 0.93
924 0.0680636 0.98
925 0.249407 0.94
926 0.0984076 0.97
927 0.159342 0.96
928 0.159642 0.97
929 0.100117 0.95
930 0.145935 0.96
931 0.346556 0.94
932 0.109547 0.95
933 0.250504 0.93
934 0.107387 0.96
935 0.0801372 0.97
936 0.155508 0.96
937 0.147753 0.96
938 0.119986 0.96
939 0.1106 0.94
940 0.0736517 0.97
941 0.0607345 0.98
942 0.088387 0.97
943 0.0670594 0.97
944 0.0868226 0.97
945 0.0959105 0.99
946 0.0487681 0.99
947 0.111097 0.96
948 0.169829 0.94
949 0.118902 0.95
950 0.152299 0.96
951 0.0587945 0.98
952 0.0437452 1.0
953 0.374632 0.91
954 0.0341075 0.99
955 0.102104 0.96
956 0.112222 0.97
957 0.0853215 0.98
958 0.141102 0.94
959 0.213352 0.94
960 0.101391 0.98
961 0.123364 0.96
962 0.153303 0.96
963 0.167073 0.95
964 0.099592 0.97
965 0.0321113 0.99
966 0.103936 0.98
967 0.0639036 0.98
968 0.138665 0.94
969 0.107626 0.96
970 0.173914 0.94
971 0.1363 0.95
972 0.0453305 0.99
973 0.216768 0.93
974 0.234476 0.91
975 0.128949 0.95
976 0.0907186 0.96
977 0.128734 0.95
978 0.214043 0.94
979 0.0761902 0.99
980 0.0746241 0.97
981 0.181914 0.94
982 0.0858146 0.97
983 0.153117 0.93
984 0.199484 0.93
985 0.0651751 0.99
986 0.184988 0.95
987 0.0826445 0.97
988 0.148323 0.97
989 0.202402 0.94
990 0.162751 0.93
991 0.0319027 0.98
992 0.11952 0.97
993 0.204144 0.96
994 0.113261 0.95
995 0.0896192 0.98
996 0.217992 0.93
997 0.0492984 0.98
998 0.0843911 0.99
999 0.0977308 0.98
1000 0.0659039 0.98
1001 0.0946641 0.97
1002 0.0436016 0.99
1003 0.157004 0.95
1004 0.112991 0.95
1005 0.0593939 0.97
1006 0.0639425 0.95
1007 0.0649186 0.98
1008 0.0629693 0.98
1009 0.154738 0.97
1010 0.0660361 0.97
1011 0.101431 0.97
1012 0.0286143 1.0
1013 0.0441515 0.98
1014 0.0330758 0.99
1015 0.155832 0.96
1016 0.0661022 0.98
1017 0.072707 0.98
1018 0.0887502 0.97
1019 0.0155308 0.99
1020 0.107902 0.98
1021 0.0968232 0.96
1022 0.0585799 0.99
1023 0.121652 0.98
1024 0.0218268 1.0
1025 0.0617398 0.98
1026 0.0401745 0.99
1027 0.0417333 0.99
1028 0.238324 0.95
1029 0.0179272 0.99
1030 0.0530227 0.98
1031 0.0232624 0.99
1032 0.0566227 0.98
1033 0.141786 0.95
1034 0.109932 0.97
1035 0.0135777 1.0
1036 0.139867 0.97
1037 0.125744 0.97
1038 0.124336 0.96
1039 0.0290202 0.99
1040 0.00695997 1.0
1041 0.0616381 0.99
1042 0.0145885 1.0
1043 0.0265156 0.99
1044 0.0388446 0.99
1045 0.111111 0.95
1046 0.030284 0.99
1047 0.251637 0.94
1048 0.0989498 0.96
1049 0.0839698 0.97
1050 0.0166215 0.99
1051 0.0294611 0.98
1052 0.0133549 1.0
1053 0.0878478 0.97
1054 0.0560374 0.98
1055 0.0911167 0.97
1056 0.0493065 0.99
1057 0.107255 0.97
1058 0.159801 0.97
1059 0.0808226 0.97
1060 0.134098 0.95
1061 0.0684399 0.97
1062 0.0222959 0.99
1063 0.179989 0.95
1064 0.111062 0.97
1065 0.0575148 0.97
1066 0.0101881 1.0
1067 0.0355221 0.99
1068 0.0765547 0.97
1069 0.0895416 0.97
1070 0.0266792 0.99
1071 0.048233 0.98
1072 0.0347749 0.99
1073 0.0716945 0.95
1074 0.026358 0.99
1075 0.0189743 1.0
1076 0.140583 0.95
1077 0.0530854 0.98
1078 0.0600594 0.99
1079 0.0372942 0.99
1080 0.0402888 0.99
1081 0.0415074 0.98
1082 0.0334493 0.98
1083 0.0235158 1.0
1084 0.0288248 0.99
1085 0.0348226 0.99
1086 0.125334 0.98
1087 0.0349754 0.99
1088 0.0325131 0.98
1089 0.133421 0.98
1090 0.23277 0.97
1091 0.0280885 0.98
1092 0.0315196 0.99
1093 0.110479 0.96
1094 0.0935054 0.98
1095 0.0332062 0.98
1096 0.101107 0.97
1097 0.0844868 0.98
1098 0.0448532 0.99
1099 0.0828122 0.99
1100 0.0989261 0.97
1101 0.0505295 0.97
1102 0.0455706 0.98
1103 0.0913856 0.98
1104 0.148994 0.97
1105 0.0809741 0.97
1106 0.140324 0.94
1107 0.0196618 0.99
1108 0.134718 0.98
1109 0.0572398 0.97
1110 0.040386 0.99
1111 0.0450903 0.99
1112 0.0426595 0.99
1113 0.0303005 0.99
1114 0.0662423 0.97
1115 0.0716899 0.99
1116 0.0256571 0.99
1117 0.0126801 1.0
1118 0.0478937 0.99
1119 0.178712 0.98
1120 0.0213609 0.99
1121 0.0288794 0.99
1122 0.104843 0.99
1123 0.0962025 0.96
1124 0.0301061 0.99
1125 0.0441354 1.0
1126 0.0860841 0.98
1127 0.0326761 1.0
1128 0.0128029 1.0
1129 0.0435048 0.97
1130 0.0559876 0.99
1131 0.0108047 1.0
1132 0.0845002 0.96
1133 0.0957311 0.97
1134 0.109419 0.98
1135 0.0118657 1.0
1136 0.0206208 1.0
1137 0.0361321 0.99
1138 0.132032 0.98
1139 0.0561642 0.98
1140 0.095127 0.98
1141 0.00797411 1.0
1142 0.0402895 0.99
1143 0.0371622 0.99
1144 0.118848 0.96
1145 0.148057 0.97
1146 0.0565394 0.98
1147 0.0175953 1.0
1148 0.0534845 0.98
1149 0.0270513 0.99
1150 0.072436 0.96
1151 0.0891013 0.97
1152 0.0200032 0.99
1153 0.0448033 0.98
1154 0.0384955 0.99
1155 0.0401746 0.98
1156 0.0668874 0.99
1157 0.0594888 0.98
1158 0.0148879 1.0
1159 0.0217917 0.98
1160 0.149732 0.94
1161 0.0590194 0.97
1162 0.112238 0.94
1163 0.0116371 1.0
1164 0.0107783 1.0
1165 0.0668618 0.96
1166 0.078066 0.98
1167 0.0553186 0.98
1168 0.0691627 0.99
1169 0.0307616 0.98
1170 0.0516883 0.99
1171 0.100124 0.96
1172 0.0235473 0.99
1173 0.146539 0.97
1174 0.0163381 1.0
1175 0.0315316 0.99
1176 0.104675 0.97
1177 0.0478667 0.97
1178 0.015466 1.0
1179 0.0458546 0.99
1180 0.066779 0.98
1181 0.0520848 0.98
1182 0.0279087 0.98
1183 0.0490633 0.98
1184 0.00930059 1.0
1185 0.0572298 0.99
1186 0.0268185 0.99
1187 0.0946101 0.96
1188 0.0523738 0.97
1189 0.101537 0.96
1190 0.0410569 0.99
1191 0.250665 0.94
1192 0.0362457 0.99
1193 0.123943 0.96
1194 0.011229 1.0
1195 0.0438619 0.98
1196 0.0287015 0.99
1197 0.115529 0.98
1198 0.0321104 0.99
1199 0.0558229 0.98
1200 0.109103 0.96
1201 0.10055 0.97
1202 0.0785067 0.97
1203 0.0948883 0.95
1204 0.0167939 1.0
1205 0.0431361 0.98
1206 0.0151359 0.99
1207 0.0599629 0.98
1208 0.113812 0.96
1209 0.0285351 0.99
1210 0.0731962 0.98
1211 0.0458232 0.99
1212 0.0241446 0.99
1213 0.0274254 0.99
1214 0.0150436 1.0
1215 0.069668 0.97
1216 0.0612973 0.97
1217 0.0233149 0.99
1218 0.0239344 1.0
1219 0.0401842 0.98
1220 0.112364 0.95
1221 0.0485619 0.99
1222 0.00489728 1.0
1223 0.0553777 0.98
1224 0.102325 0.95
1225 0.0210368 1.0
1226 0.168254 0.96
1227 0.140512 0.98
1228 0.087597 0.97
1229 0.0680496 0.98
1230 0.0440947 0.98
1231 0.0636809 0.98
1232 0.109117 0.95
1233 0.00633319 1.0
1234 0.156896 0.97
1235 0.011393 1.0
1236 0.0465917 0.98
1237 0.116165 0.98
1238 0.111388 0.96
1239 0.100658 0.97
1240 0.0777326 0.97
1241 0.0542217 0.99
1242 0.0824857 0.98
1243 0.00318468 1.0
1244 0.0248703 0.99
1245 0.0502015 0.99
1246 0.0907532 0.97
1247 0.0689419 0.96
1248 0.055698 0.99
1249 0.00867827 1.0
1250 0.00880122 1.0
1251 0.0120741 1.0
1252 0.0252625 0.99
1253 0.0223051 1.0
1254 0.0505135 0.98
1255 0.0705533 0.97
1256 0.233607 0.98
1257 0.0624254 0.98
1258 0.110435 0.97
1259 0.00993045 1.0
1260 0.0464705 0.98
1261 0.0708424 0.97
1262 0.0123757 1.0
1263 0.0431896 0.99
1264 0.0458296 0.98
1265 0.0430248 0.99
1266 0.059304 0.98
1267 0.0396114 0.99
1268 0.0722407 0.97
1269 0.0101163 1.0
1270 0.0784386 0.97
1271 0.0546206 0.96
1272 0.0918231 0.98
1273 0.0447481 0.98
1274 0.0182179 0.99
1275 0.0320467 0.99
1276 0.0103554 1.0
1277 0.0353872 0.98
1278 0.0474529 0.98
1279 0.0975355 0.97
1280 0.0480153 0.98
1281 0.105142 0.97
1282 0.0169473 1.0
1283 0.0564499 0.98
1284 0.0213529 0.99
1285 0.0769798 0.96
1286 0.0157155 1.0
1287 0.0400546 0.99
1288 0.0727313 0.97
1289 0.0716508 0.98
1290 0.0528224 0.99
1291 0.0229117 1.0
1292 0.0141986 0.99
1293 0.0530431 0.99
1294 0.0292051 0.99
1295 0.0497298 0.98
1296 0.0645934 0.97
1297 0.0271264 0.99
1298 0.0346108 0.99
1299 0.062189 0.98
1300 0.0997913 0.98
1301 0.0371564 0.99
1302 0.0203387 1.0
1303 0.0199502 0.99
1304 0.0140669 0.99
1305 0.0595213 0.98
1306 0.0046715 1.0
1307 0.0551314 0.98
1308 0.0135663 1.0
1309 0.0171759 1.0
1310 0.0678908 0.98
1311 0.0301667 0.99
1312 0.0175546 0.99
1313 0.0262837 0.99
1314 0.0322177 0.99
1315 0.00828922 1.0
1316 0.101111 0.98
1317 0.0171529 1.0
1318 0.00402245 1.0
1319 0.174005 0.96
1320 0.0682672 0.98
1321 0.0412457 0.98
1322 0.0639309 0.97
1323 0.0110712 0.99
1324 0.152743 0.97
1325 0.224623 0.94
1326 0.0357847 0.99
1327 0.0487037 0.99
1328 0.0365812 0.97
1329 0.0672109 0.98
1330 0.0703255 0.97
1331 0.0190548 0.99
1332 0.0339459 0.98
1333 0.0197635 0.99
1334 0.0243904 0.99
1335 0.0251597 0.99
1336 0.0640889 0.99
1337 0.0835991 0.98
1338 0.0403752 0.99
1339 0.024778 0.99
1340 0.0188544 0.99
1341 0.0482342 0.98
1342 0.0554051 0.97
1343 0.0127289 0.99
1344 0.0839843 0.96
1345 0.076299 0.96
1346 0.0576263 0.99
1347 0.0323425 0.99
1348 0.0125231 1.0
1349 0.0410714 0.98
1350 0.0248099 0.99
1351 0.109309 0.97
1352 0.0538986 0.97
1353 0.254422 0.95
1354 0.027181 0.99
1355 0.147059 0.97
1356 0.0933749 0.98
1357 0.0303243 0.99
1358 0.0194622 1.0
1359 0.0571224 0.99
1360 0.0673785 0.97
1361 0.0103357 1.0
1362 0.151593 0.94
1363 0.0922383 0.98
1364 0.0559134 0.99
1365 0.0574882 0.98
1366 0.0379326 0.99
1367 0.0323311 0.98
1368 0.0747983 0.98
1369 0.0721716 0.97
1370 0.0121293 1.0
1371 0.0325339 0.99
1372 0.0423105 0.99
1373 0.0388949 0.99
1374 0.0506083 0.99
1375 0.0522459 0.98
1376 0.0655746 0.99
1377 0.0322669 0.99
1378 0.0430624 0.99
1379 0.0237393 0.99
1380 0.0100752 1.0
1381 0.00746242 1.0
1382 0.00761429 1.0
1383 0.0583635 0.98
1384 0.0307079 0.99
1385 0.11185 0.96
1386 0.0407585 0.99
1387 0.0199495 0.99
1388 0.0540346 0.99
1389 0.0265691 0.98
1390 0.0424466 0.99
1391 0.0167653 1.0
1392 0.0551489 0.96
1393 0.0212935 0.99
1394 0.0343399 0.98
1395 0.0261854 1.0
1396 0.0773829 0.98
1397 0.0568715 0.98
1398 0.0516276 0.98
1399 0.0583947 0.98
1400 0.0514107 0.98
1401 0.0420652 0.98
1402 0.092965 0.97
1403 0.0908719 0.99
1404 0.0318589 0.99
1405 0.100697 0.97
1406 0.0343959 0.98
1407 0.00736688 1.0
1408 0.0209313 0.99
1409 0.0618006 0.99
1410 0.0112679 1.0
1411 0.288212 0.95
1412 0.0888574 0.98
1413 0.00688434 1.0
1414 0.065016 0.98
1415 0.0273859 0.98
1416 0.0182392 0.99
1417 0.0413398 0.98
1418 0.00219054 1.0
1419 0.0681839 0.99
1420 0.0368905 0.98
1421 0.0530806 0.97
1422 0.0505586 0.98
1423 0.0492833 0.98
1424 0.0101796 1.0
1425 0.0697372 0.98
1426 0.0194078 1.0
1427 0.0909371 0.96
1428 0.101049 0.97
1429 0.00915072 1.0
1430 0.0209165 0.99
1431 0.0785024 0.97
1432 0.0319215 0.99
1433 0.062054 0.97
1434 0.110801 0.96
1435 0.0276185 1.0
1436 0.097718 0.96
1437 0.104455 0.97
1438 0.0281962 0.98
1439 0.0297902 0.99
1440 0.022005 0.98
1441 0.00955601 1.0
1442 0.0457112 0.97
1443 0.0559976 0.98
1444 0.0459551 0.97
1445 0.0223672 0.99
1446 0.0121198 0.99
1447 0.111896 0.97
1448 0.191148 0.94
1449 0.0498161 0.98
1450 0.0925025 0.98
1451 0.018489 0.99
1452 0.0555398 0.97
1453 0.232909 0.97
1454 0.0173549 1.0
1455 0.0220082 0.99
1456 0.0726273 0.99
1457 0.0749039 0.98
1458 0.0465243 0.97
1459 0.097004 0.97
1460 0.0309766 0.99
1461 0.0179381 0.99
1462 0.00848749 1.0
1463 0.157901 0.96
1464 0.0595275 0.98
1465 0.0198614 0.99
1466 0.00862109 1.0
1467 0.021462 0.98
1468 0.0974848 0.96
1469 0.0276752 1.0
1470 0.0205377 1.0
1471 0.0207769 1.0
1472 0.0256122 0.99
1473 0.197525 0.96
1474 0.135946 0.95
1475 0.0385398 0.99
1476 0.102631 0.96
1477 0.0290581 0.99
1478 0.0748399 0.96
1479 0.0451837 0.99
1480 0.0199415 0.99
1481 0.125886 0.95
1482 0.0651522 0.96
1483 0.0284014 0.99
1484 0.175438 0.96
1485 0.0235225 0.99
1486 0.0385858 0.99
1487 0.020936 1.0
1488 0.0472841 0.98
1489 0.0455208 0.98
1490 0.0409294 0.99
1491 0.0113505 1.0
1492 0.0188474 0.99
1493 0.118955 0.98
1494 0.0195839 0.99
1495 0.0476126 0.97
1496 0.0766078 0.96
1497 0.00969641 1.0
1498 0.0270391 0.99
1499 0.0733733 0.97
1500 0.054495 0.97
1501 0.697795 0.83
1502 0.837042 0.8
1503 1.19467 0.81
1504 0.86224 0.8
1505 0.651967 0.86
1506 0.289725 0.92
1507 0.905939 0.77
1508 0.564208 0.82
1509 0.749218 0.79
1510 0.679425 0.83
1511 0.364611 0.85
1512 0.269492 0.94
1513 0.437058 0.88
1514 0.198743 0.93
1515 0.496834 0.87
1516 0.553492 0.85
1517 0.469405 0.87
1518 0.417393 0.88
1519 0.418727 0.85
1520 0.470957 0.83
1521 0.265396 0.95
1522 0.307239 0.9
1523 0.407059 0.9
1524 0.247674 0.93
1525 0.449063 0.91
1526 0.436158 0.87
1527 0.25931 0.92
1528 0.51695 0.84
1529 0.320518 0.89
1530 0.367251 0.87
1531 0.217586 0.92
1532 0.367424 0.89
1533 0.327333 0.91
1534 0.399217 0.89
1535 0.289074 0.91
1536 0.362685 0.91
1537 0.333362 0.89
1538 0.316802 0.9
1539 0.367301 0.9
1540 0.236088 0.95
1541 0.218574 0.93
1542 0.298373 0.9
1543 0.156145 0.93
1544 0.322195 0.91
1545 0.219023 0.96
1546 0.332936 0.9
1547 0.485764 0.86
1548 0.22737 0.94
1549 0.497536 0.86
1550 0.240233 0.94
1551 0.137436 0.95
1552 0.305571 0.91
1553 0.188996 0.95
1554 0.189798 0.94
1555 0.285498 0.93
1556 0.343116 0.91
1557 0.318539 0.94
1558 0.31648 0.9
1559 0.309961 0.89
1560 0.560115 0.84
1561 0.290176 0.91
1562 0.201671 0.92
1563 0.274159 0.9
1564 0.171644 0.95
1565 0.21511 0.93
1566 0.261049 0.9
1567 0.201484 0.92
1568 0.23223 0.94
1569 0.245912 0.93
1570 0.190084 0.94
1571 0.302195 0.93
1572 0.496377 0.84
1573 0.326206 0.9
1574 0.156477 0.95
1575 0.265521 0.93
1576 0.222042 0.96
1577 0.196044 0.93
1578 0.233318 0.92
1579 0.213633 0.91
1580 0.255438 0.91
1581 0.261721 0.92
1582 0.175617 0.94
1583 0.183994 0.94
1584 0.248953 0.92
1585 0.210553 0.94
1586 0.215065 0.95
1587 0.106923 0.98
1588 0.170834 0.97
1589 0.262066 0.92
1590 0.306457 0.93
1591 0.161241 0.93
1592 0.141095 0.97
1593 0.18891 0.92
1594 0.309201 0.93
1595 0.211536 0.94
1596 0.305237 0.92
1597 0.386111 0.88
1598 0.308801 0.92
1599 0.238229 0.95
1600 0.258756 0.92
1601 0.149872 0.93
1602 0.225535 0.93
1603 0.228197 0.91
1604 0.239967 0.95
1605 0.31682 0.91
1606 0.196567 0.96
1607 0.0953383 0.97
1608 0.221717 0.93
1609 0.246227 0.91
1610 0.222131 0.94
1611 0.190777 0.94
1612 0.229991 0.93
1613 0.0848232 0.98
1614 0.167616 0.96
1615 0.215436 0.92
1616 0.348197 0.93
1617 0.123248 0.97
1618 0.206603 0.94
1619 0.342966 0.91
1620 0.0766394 0.98
1621 0.122421 0.97
1622 0.285484 0.93
1623 0.259059 0.95
1624 0.1316 0.97
1625 0.299986 0.92
1626 0.189489 0.93
1627 0.110151 0.95
1628 0.16169 0.92
1629 0.22511 0.96
1630 0.212629 0.93
1631 0.080788 0.96
1632 0.209335 0.94
1633 0.0842899 0.97
1634 0.162077 0.95
1635 0.160961 0.97
1636 0.183195 0.93
1637 0.435871 0.91
1638 0.116366 0.98
1639 0.100684 0.95
1640 0.180291 0.96
1641 0.176691 0.95
1642 0.0854176 0.98
1643 0.147296 0.95
1644 0.268326 0.93
1645 0.229403 0.94
1646 0.158376 0.94
1647 0.151583 0.95
1648 0.305129 0.9
1649 0.203366 0.93
1650 0.129003 0.96
1651 0.223938 0.91
1652 0.178989 0.93
1653 0.275634 0.87
1654 0.191167 0.94
1655 0.121073 0.98
1656 0.136984 0.95
1657 0.154676 0.95
1658 0.0854729 0.98
1659 0.0359391 1.0
1660 0.198557 0.93
1661 0.112707 0.96
1662 0.216396 0.92
1663 0.169005 0.94
1664 0.204022 0.95
1665 0.129961 0.95
1666 0.165556 0.97
1667 0.115566 0.95
1668 0.26092 0.92
1669 0.195898 0.95
1670 0.26095 0.9
1671 0.224474 0.91
1672 0.196043 0.93
1673 0.335792 0.92
1674 0.101067 0.97
1675 0.111314 0.96
1676 0.0686216 1.0
1677 0.144104 0.95
1678 0.231129 0.92
1679 0.274965 0.96
1680 0.0794592 0.97
1681 0.253739 0.94
1682 0.186759 0.96
1683 0.108652 0.96
1684 0.208752 0.92
1685 0.197382 0.94
1686 0.185374 0.96
1687 0.192151 0.96
1688 0.18786 0.95
1689 0.156038 0.95
1690 0.165654 0.94
1691 0.344062 0.92
1692 0.198289 0.95
1693 0.350903 0.89
1694 0.165733 0.94
1695 0.124899 0.96
1696 0.219053 0.94
1697 0.226112 0.94
1698 0.100133 0.97
1699 0.156953 0.95
1700 0.126252 0.98
1701 0.225572 0.93
1702 0.149402 0.94
1703 0.215164 0.93
1704 0.164836 0.96
1705 0.182042 0.94
1706 0.113075 0.96
1707 0.119733 0.95
1708 0.296469 0.92
1709 0.149704 0.93
1710 0.213595 0.93
1711 0.185259 0.94
1712 0.108079 0.97
1713 0.0501471 1.0
1714 0.234262 0.93
1715 0.198307 0.95
1716 0.237474 0.93
1717 0.118492 0.98
1718 0.106991 0.97
1719 0.177625 0.93
1720 0.153438 0.94
1721 0.159711 0.95
1722 0.107766 0.96
1723 0.112084 0.94
1724 0.364282 0.93
1725 0.147634 0.96
1726 0.21526 0.93
1727 0.154194 0.95
1728 0.229728 0.92
1729 0.17999 0.95
1730 0.144711 0.97
1731 0.193165 0.94
1732 0.134142 0.94
1733 0.0650563 0.98
1734 0.149039 0.96
1735 0.119856 0.96
1736 0.227908 0.93
1737 0.208143 0.96
1738 0.274794 0.91
1739 0.139963 0.97
1740 0.0797617 0.99
1741 0.217512 0.95
1742 0.166987 0.93
1743 0.0494572 0.98
1744 0.0734435 0.98
1745 0.143812 0.96
1746 0.167113 0.92
1747 0.192479 0.93
1748 0.142211 0.91
1749 0.0925734 0.98
1750 0.10121 0.97
1751 0.0574832 0.99
1752 0.146145 0.95
1753 0.085909 0.95
1754 0.0898197 0.98
1755 0.0662998 0.98
1756 0.130845 0.94
1757 0.27093 0.94
1758 0.131357 0.96
1759 0.107118 0.96
1760 0.137171 0.93
1761 0.173846 0.92
1762 0.048214 0.98
1763 0.050629 0.99
1764 0.085106 0.96
1765 0.0913289 0.96
1766 0.192697 0.93
1767 0.152203 0.94
1768 0.121967 0.97
1769 0.126258 0.97
1770 0.191594 0.91
1771 0.153212 0.94
1772 0.303873 0.95
1773 0.183897 0.95
1774 0.0809694 0.97
1775 0.155697 0.98
1776 0.0726329 0.97
1777 0.139544 0.94
1778 0.151846 0.94
1779 0.260785 0.89
1780 0.136412 0.97
1781 0.110859 0.96
1782 0.0816002 0.97
1783 0.129466 0.96
1784 0.153212 0.96
1785 0.127719 0.97
1786 0.0853018 0.98
1787 0.0451689 1.0
1788 0.200969 0.92
1789 0.197972 0.94
1790 0.140264 0.97
1791 0.186559 0.93
1792 0.142963 0.97
1793 0.253597 0.91
1794 0.101241 0.96
1795 0.225298 0.93
1796 0.189024 0.94
1797 0.0785624 0.97
1798 0.0863235 0.98
1799 0.0936006 0.97
1800 0.100698 0.95
1801 0.147428 0.98
1802 0.151227 0.95
1803 0.15509 0.95
1804 0.0678317 0.98
1805 0.145559 0.96
1806 0.0690478 0.99
1807 0.13317 0.95
1808 0.0992913 0.96
1809 0.142402 0.94
1810 0.165792 0.95
1811 0.104855 0.95
1812 0.0499354 0.99
1813 0.0644931 0.98
1814 0.184143 0.94
1815 0.0527699 0.98
1816 0.169447 0.94
1817 0.215293 0.93
1818 0.108357 0.96
1819 0.395966 0.9
1820 0.102698 0.97
1821 0.15287 0.95
1822 0.153503 0.95
1823 0.0820017 0.97
1824 0.0718472 0.97
1825 0.422852 0.89
1826 0.180464 0.95
1827 0.227428 0.94
1828 0.0430036 0.99
1829 0.0849603 0.97
1830 0.179818 0.97
1831 0.10881 0.97
1832 0.159206 0.96
1833 0.0868174 0.97
1834 0.165527 0.96
1835 0.11225 0.97
1836 0.0458282 0.98
1837 0.239161 0.94
1838 0.133724 0.97
1839 0.0619841 0.98
1840 0.0293023 1.0
1841 0.154869 0.95
1842 0.201142 0.94
1843 0.0449809 0.99
1844 0.199385 0.97
1845 0.15924 0.95
1846 0.129382 0.96
1847 0.189841 0.93
1848 0.0996937 0.96
1849 0.122348 0.96
1850 0.0853204 0.97
1851 0.191237 0.96
1852 0.118807 0.95
1853 0.19227 0.91
1854 0.166982 0.95
1855 0.335866 0.92
1856 0.126602 0.95
1857 0.0986028 0.96
1858 0.0463468 0.99
1859 0.117497 0.96
1860 0.159152 0.95
1861 0.130303 0.97
1862 0.231148 0.92
1863 0.0615923 0.98
1864 0.201795 0.96
1865 0.116988 0.96
1866 0.102218 0.96
1867 0.171262 0.94
1868 0.179245 0.94
1869 0.143792 0.97
1870 0.0991466 0.97
1871 0.197097 0.92
1872 0.162213 0.95
1873 0.125417 0.99
1874 0.0614498 0.98
1875 0.0734185 0.97
1876 0.123624 0.95
1877 0.112292 0.96
1878 0.278899 0.9
1879 0.142785 0.95
1880 0.0859571 0.97
1881 0.0549377 0.98
1882 0.141194 0.96
1883 0.0908569 0.97
1884 0.117254 0.97
1885 0.260858 0.92
1886 0.114478 0.96
1887 0.131073 0.95
1888 0.130579 0.96
1889 0.0914306 0.96
1890 0.127623 0.93
1891 0.154516 0.96
1892 0.154193 0.95
1893 0.0890662 0.98
1894 0.140695 0.95
1895 0.152961 0.97
1896 0.220072 0.95
1897 0.101354 0.97
1898 0.123224 0.95
1899 0.0739799 0.98
1900 0.191754 0.97
1901 0.107229 0.95
1902 0.132859 0.97
1903 0.228495 0.93
1904 0.105431 0.98
1905 0.176242 0.95
1906 0.119269 0.98
1907 0.0714412 0.98
1908 0.0691769 0.96
1909 0.231614 0.89
1910 0.0400124 0.99
1911 0.382092 0.92
1912 0.164832 0.96
1913 0.0731735 0.96
1914 0.139643 0.95
1915 0.0751253 0.97
1916 0.0730328 0.98
1917 0.085611 0.97
1918 0.0370394 0.99
1919 0.11354 0.96
1920 0.157891 0.95
1921 0.0921763 0.96
1922 0.0602368 0.99
1923 0.144249 0.96
1924 0.0380362 0.99
1925 0.0935111 0.97
1926 0.0642601 0.98
1927 0.064775 0.97
1928 0.174725 0.93
1929 0.101855 0.99
1930 0.0847862 0.97
1931 0.185151 0.96
1932 0.137295 0.93
1933 0.113085 0.96
1934 0.206579 0.9
1935 0.0581729 0.98
1936 0.173032 0.95
1937 0.0890011 0.96
1938 0.156226 0.96
1939 0.148131 0.95
1940 0.128858 0.97
1941 0.111414 0.97
1942 0.170426 0.94
1943 0.173258 0.92
1944 0.0919056 0.96
1945 0.101039 0.96
1946 0.0301772 0.99
1947 0.107299 0.96
1948 0.124615 0.97
1949 0.141486 0.96
1950 0.276054 0.91
1951 0.0602767 0.99
1952 0.127609 0.96
1953 0.289002 0.95
1954 0.0755007 0.98
1955 0.220659 0.94
1956 0.142447 0.97
1957 0.194294 0.93
1958 0.103946 0.97
1959 0.0692839 0.98
1960 0.0620688 0.98
1961 0.077015 0.97
1962 0.102757 0.97
1963 0.171925 0.94
1964 0.0496314 0.99
1965 0.0729403 0.97
1966 0.111026 0.97
1967 0.10122 0.97
1968 0.132264 0.97
1969 0.0656783 0.98
1970 0.0926893 0.95
1971 0.0944236 0.97
1972 0.132548 0.93
1973 0.152317 0.97
1974 0.186043 0.93
1975 0.0713059 0.98
1976 0.0857242 0.99
1977 0.150043 0.96
1978 0.203284 0.95
1979 0.121378 0.96
1980 0.268691 0.93
1981 0.108543 0.96
1982 0.148957 0.95
1983 0.115171 0.97
1984 0.0757979 0.98
1985 0.0616039 0.97
1986 0.18154 0.95
1987 0.080911 0.98
1988 0.0795253 0.97
1989 0.169627 0.96
1990 0.134477 0.95
1991 0.0739558 0.97
1992 0.0709383 0.99
1993 0.0875807 0.97
1994 0.252938 0.92
1995 0.112453 0.98
1996 0.154193 0.94
1997 0.107658 0.95
1998 0.0571014 0.98
1999 0.17218 0.94
2000 0.0914475 0.97
2001 0.0564059 0.97
2002 0.131722 0.97
2003 0.0943943 0.96
2004 0.0971394 0.98
2005 0.0682501 0.97
2006 0.152691 0.97
2007 0.18031 0.96
2008 0.118644 0.97
2009 0.156877 0.94
2010 0.0485188 0.97
2011 0.14548 0.98
2012 0.0198283 1.0
2013 0.0495466 0.99
2014 0.0519018 0.99
2015 0.0480689 0.99
2016 0.0799469 0.97
2017 0.0271904 1.0
2018 0.0739862 0.97
2019 0.0997701 0.96
2020 0.110479 0.98
2021 0.111362 0.96
2022 0.11708 0.98
2023 0.0661197 0.99
2024 0.0861323 0.98
2025 0.0918775 0.98
2026 0.0631661 0.96
2027 0.0792502 0.97
2028 0.140923 0.95
2029 0.167884 0.95
2030 0.0943316 0.99
2031 0.186758 0.95
2032 0.064665 0.98
2033 0.0416946 0.99
2034 0.0720732 0.97
2035 0.234539 0.94
2036 0.202808 0.93
2037 0.0587058 0.97
2038 0.120271 0.97
2039 0.0399463 1.0
2040 0.0704148 0.98
2041 0.0385603 0.99
2042 0.0590415 0.96
2043 0.0736595 0.97
2044 0.12334 0.97
2045 0.0502235 0.98
2046 0.0202863 1.0
2047 0.0979469 0.96
2048 0.0573639 0.99
2049 0.0804364 0.97
2050 0.0824844 0.96
2051 0.0535145 0.98
2052 0.0872286 0.96
2053 0.0867331 0.98
2054 0.0618331 0.98
2055 0.0201102 1.0
2056 0.0803535 0.97
2057 0.057901 0.98
2058 0.0214898 1.0
2059 0.118677 0.98
2060 0.0701416 0.98
2061 0.161877 0.97
2062 0.170929 0.91
2063 0.0867057 0.96
2064 0.0808239 0.98
2065 0.0487835 0.97
2066 0.117105 0.96
2067 0.0845586 0.97
2068 0.128375 0.97
2069 0.111054 0.96
2070 0.213316 0.95
2071 0.0391244 0.99
2072 0.0848631 0.97
2073 0.0545842 0.99
2074 0.029854 0.99
2075 0.0939364 0.97
2076 0.0928162 0.96
2077 0.0528779 0.98
2078 0.0668664 0.95
2079 0.0897902 0.96
2080 0.0245106 1.0
2081 0.106327 0.98
2082 0.122105 0.96
2083 0.0139134 1.0
2084 0.0844752 0.98
2085 0.164312 0.95
2086 0.0512726 0.99
2087 0.0441193 0.99
2088 0.0885096 0.96
2089 0.0452297 0.98
2090 0.0622934 0.99
2091 0.160821 0.96
2092 0.327235 0.93
2093 0.0630832 0.99
2094 0.0660571 0.96
2095 0.0413403 0.98
2096 0.0598657 0.97
2097 0.0240116 0.99
2098 0.118943 0.96
2099 0.15828 0.97
2100 0.187007 0.96
2101 0.0534639 0.98
2102 0.0754212 0.98
2103 0.0697638 0.97
2104 0.04555 0.99
2105 0.0533155 0.99
2106 0.0548219 0.98
2107 0.160585 0.97
2108 0.122103 0.95
2109 0.168094 0.96
2110 0.125204 0.94
2111 0.140813 0.94
2112 0.105622 0.97
2113 0.100546 0.97
2114 0.288125 0.91
2115 0.101842 0.96
2116 0.0781944 0.96
2117 0.0715235 0.98
2118 0.137902 0.96
2119 0.0966265 0.95
2120 0.0319293 1.0
2121 0.0809971 0.99
2122 0.0656699 0.98
2123 0.103169 0.98
2124 0.0472021 0.99
2125 0.245523 0.96
2126 0.122229 0.96
2127 0.0728309 0.98
2128 0.0217558 1.0
2129 0.103791 0.97
2130 0.0658794 0.97
2131 0.0463913 0.99
2132 0.125276 0.94
2133 0.0926404 0.97
2134 0.0258971 1.0
2135 0.0697316 0.98
2136 0.170448 0.97
2137 0.158135 0.94
2138 0.127225 0.97
2139 0.139612 0.96
2140 0.133617 0.97
2141 0.0194497 1.0
2142 0.0574424 0.98
2143 0.103901 0.97
2144 0.100617 0.97
2145 0.0773278 0.98
2146 0.0508798 0.98
2147 0.0494299 0.98
2148 0.0473187 0.99
2149 0.105081 0.96
2150 0.236364 0.95
2151 0.0609137 0.98
2152 0.100011 0.97
2153 0.0240621 1.0
2154 0.146498 0.96
2155 0.0731411 0.98
2156 0.0242101 0.99
2157 0.0373117 0.99
2158 0.0735337 0.98
2159 0.0455123 0.99
2160 0.0341552 0.99
2161 0.158143 0.96
2162 0.0522298 0.98
2163 0.0961091 0.96
2164 0.128481 0.95
2165 0.113187 0.96
2166 0.0932519 0.96
2167 0.0188603 1.0
2168 0.0676851 0.99
2169 0.0832246 0.97
2170 0.0263295 0.99
2171 0.19702 0.95
2172 0.109988 0.94
2173 0.0864549 0.97
2174 0.180449 0.95
2175 0.180604 0.97
2176 0.0516646 0.97
2177 0.0820439 0.98
2178 0.0351318 0.99
2179 0.0654954 0.97
2180 0.0282515 1.0
2181 0.129379 0.97
2182 0.0488126 0.99
2183 0.0253611 0.99
2184 0.0671602 0.97
2185 0.0480633 0.98
2186 0.0261028 1.0
2187 0.0176475 1.0
2188 0.0569355 0.99
2189 0.106315 0.95
2190 0.033699 0.99
2191 0.0550461 0.97
2192 0.100761 0.96
2193 0.094571 0.98
2194 0.0599379 0.99
2195 0.0566301 0.99
2196 0.0911914 0.99
2197 0.175265 0.93
2198 0.0816682 0.98
2199 0.0606035 0.98
2200 0.123832 0.97
2201 0.0615459 0.98
2202 0.0243649 0.99
2203 0.125696 0.98
2204 0.0166036 1.0
2205 0.0689072 0.98
2206 0.069681 0.98
2207 0.229693 0.93
2208 0.0924639 0.96
2209 0.082801 0.97
2210 0.0347633 1.0
2211 0.124906 0.95
2212 0.0647452 0.97
2213 0.0779445 0.96
2214 0.206018 0.94
2215 0.0480725 0.99
2216 0.208678 0.95
2217 0.127244 0.94
2218 0.14615 0.93
2219 0.0175785 1.0
2220 0.090709 0.97
2221 0.0983783 0.96
2222 0.092103 0.98
2223 0.0602077 0.97
2224 0.0595534 0.98
2225 0.136189 0.97
2226 0.060304 0.99
2227 0.0295853 0.99
2228 0.11169 0.95
2229 0.0744028 0.97
2230 0.0948265 0.96
2231 0.0388965 0.99
2232 0.103686 0.96
2233 0.073036 0.97
2234 0.125723 0.96
2235 0.0335588 0.99
2236 0.0404206 0.98
2237 0.0581886 0.98
2238 0.0755321 0.97
2239 0.0862975 0.97
2240 0.0816487 0.97
2241 0.0458363 0.99
2242 0.176934 0.95
2243 0.0319765 0.99
2244 0.085953 0.97
2245 0.168751 0.94
2246 0.0528592 0.99
2247 0.259988 0.96
2248 0.0232085 1.0
2249 0.0555438 0.98
2250 0.0246153 0.99
2251 0.0984863 0.95
2252 0.089643 0.95
2253 0.034159 0.98
2254 0.100906 0.98
2255 0.103772 0.97
2256 0.119919 0.96
2257 0.0705855 0.97
2258 0.0256312 0.99
2259 0.161634 0.98
2260 0.0218202 1.0
2261 0.0434321 0.98
2262 0.0882724 0.99
2263 0.0606366 0.98
2264 0.0538636 0.99
2265 0.0313973 0.99
2266 0.0255505 1.0
2267 0.202427 0.92
2268 0.057936 0.98
2269 0.0960471 0.97
2270 0.0247644 1.0
2271 0.0240722 1.0
2272 0.0859264 0.98
2273 0.0704077 0.96
2274 0.109611 0.97
2275 0.0387499 0.99
2276 0.0562095 0.98
2277 0.0631897 0.98
2278 0.066597 0.98
2279 0.178218 0.95
2280 0.0758035 0.97
2281 0.0446974 0.99
2282 0.0998971 0.95
2283 0.0406723 0.99
2284 0.0801138 0.96
2285 0.0460911 0.99
2286 0.0542262 0.97
2287 0.0664218 0.97
2288 0.0771184 0.97
2289 0.197747 0.94
2290 0.0295695 0.99
2291 0.019307 1.0
2292 0.0705828 0.99
2293 0.0848193 0.97
2294 0.0678001 0.97
2295 0.0360733 0.98
2296 0.0739286 0.98
2297 0.148039 0.98
2298 0.218846 0.94
2299 0.102903 0.95
2300 0.0774757 0.96
2301 0.0405729 0.98
2302 0.0626553 0.98
2303 0.0394118 0.98
2304 0.0716872 0.98
2305 0.0947252 0.98
2306 0.0459357 0.98
2307 0.0187411 1.0
2308 0.139922 0.98
2309 0.0340804 0.98
2310 0.0580812 0.98
2311 0.133913 0.95
2312 0.141815 0.96
2313 0.0336659 0.99
2314 0.0452705 0.99
2315 0.0817213 0.97
2316 0.0171558 1.0
2317 0.0625574 0.97
2318 0.0808941 0.97
2319 0.107617 0.97
2320 0.038802 0.99
2321 0.0390029 0.98
2322 0.033986 0.99
2323 0.0696607 0.98
2324 0.162668 0.94
2325 0.0543865 0.97
2326 0.0544679 0.98
2327 0.100615 0.97
2328 0.0185624 1.0
2329 0.0557977 0.98
2330 0.0455052 0.98
2331 0.0760688 0.98
2332 0.0546258 0.99
2333 0.0188051 1.0
2334 0.0637536 0.98
2335 0.097903 0.98
2336 0.037223 0.98
2337 0.109751 0.95
2338 0.0540204 0.98
2339 0.0467032 0.99
2340 0.0310509 0.99
2341 0.113174 0.95
2342 0.100583 0.98
2343 0.0702698 0.98
2344 0.0185121 1.0
2345 0.047715 0.97
2346 0.0426932 0.98
2347 0.0672626 0.99
2348 0.0305494 1.0
2349 0.0629719 0.98
2350 0.0221774 1.0
2351 0.0651416 0.96
2352 0.0540651 0.98
2353 0.0735837 0.97
2354 0.0200246 1.0
2355 0.121461 0.95
2356 0.189985 0.95
2357 0.0340665 0.99
2358 0.115018 0.98
2359 0.0302136 0.99
2360 0.0367684 0.98
2361 0.135429 0.94
2362 0.105459 0.98
2363 0.029568 0.99
2364 0.0485262 0.99
2365 0.094569 0.94
2366 0.11372 0.95
2367 0.0514741 0.98
2368 0.047954 0.98
2369 0.0679555 0.96
2370 0.0434991 0.97
2371 0.0842989 0.98
2372 0.149727 0.98
2373 0.0645413 0.98
2374 0.0539706 0.98
2375 0.0451822 0.98
2376 0.127645 0.96
2377 0.190239 0.96
2378 0.100589 0.97
2379 0.113965 0.96
2380 0.059877 0.97
2381 0.0928334 0.96
2382 0.0738268 0.96
2383 0.0480436 0.98
2384 0.00380808 1.0
2385 0.0571402 0.99
2386 0.073631 0.98
2387 0.10544 0.96
2388 0.0340394 0.98
2389 0.0335431 0.99
2390 0.054668 0.99
2391 0.116701 0.96
2392 0.163678 0.96
2393 0.0753577 0.97
2394 0.0720745 0.99
2395 0.0423045 0.99
2396 0.117583 0.99
2397 0.0617904 0.97
2398 0.0158849 1.0
2399 0.119367 0.98
2400 0.085134 0.96
2401 0.0820863 0.98
2402 0.11696 0.96
2403 0.0571135 0.98
2404 0.0605547 0.97
2405 0.0655582 0.97
2406 0.103304 0.97
2407 0.0663035 0.97
2408 0.0197536 1.0
2409 0.0386369 0.98
2410 0.109265 0.96
2411 0.0347982 0.99
2412 0.205264 0.96
2413 0.0677483 0.98
2414 0.131524 0.95
2415 0.0554293 0.98
2416 0.0836928 0.97
2417 0.10051 0.98
2418 0.0652636 0.97
2419 0.0972779 0.97
2420 0.0331663 0.99
2421 0.139927 0.96
2422 0.150614 0.96
2423 0.114878 0.96
2424 0.133589 0.96
2425 0.0927611 0.98
2426 0.0448759 0.99
2427 0.0571188 0.97
2428 0.018389 0.99
2429 0.0436335 0.99
2430 0.0768188 0.99
2431 0.0469249 0.98
2432 0.0479346 0.99
2433 0.0788164 0.98
2434 0.178327 0.94
2435 0.0680394 0.99
2436 0.0526102 0.99
2437 0.138275 0.95
2438 0.0458613 0.98
2439 0.0256951 0.99
2440 0.0486852 0.97
2441 0.0632304 0.98
2442 0.0726904 0.98
2443 0.0309375 0.99
2444 0.0932369 0.98
2445 0.0703782 0.97
2446 0.0294143 0.99
2447 0.0566623 0.98
2448 0.0706809 0.98
2449 0.0769401 0.99
2450 0.0866796 0.97
2451 0.167252 0.95
2452 0.0455869 0.99
2453 0.0464373 0.99
2454 0.0239836 1.0
2455 0.033632 0.98
2456 0.0629813 0.98
2457 0.138072 0.94
2458 0.0635641 0.98
2459 0.0444385 0.99
2460 0.136941 0.96
2461 0.082637 0.97
2462 0.0403714 0.98
2463 0.140998 0.98
2464 0.117364 0.97
2465 0.0671098 0.98
2466 0.0737927 0.96
2467 0.082568 0.97
2468 0.0853938 0.97
2469 0.0625599 0.98
2470 0.0629379 0.97
2471 0.037306 0.99
2472 0.0802185 0.98
2473 0.0917957 0.98
2474 0.0791439 0.99
2475 0.0797787 0.98
2476 0.0874028 0.97
2477 0.0984419 0.96
2478 0.0994678 0.96
2479 0.0754886 0.98
2480 0.0796491 0.98
2481 0.121815 0.96
2482 0.0235245 1.0
2483 0.0416928 0.97
2484 0.045859 0.98
2485 0.122392 0.98
2486 0.0113052 1.0
2487 0.124305 0.97
2488 0.0910833 0.96
2489 0.0880924 0.98
2490 0.0863879 0.97
2491 0.0556301 0.98
2492 0.0794771 0.98
2493 0.144483 0.94
2494 0.0519929 0.96
2495 0.114098 0.98
2496 0.0717008 0.96
2497 0.0687727 0.98
2498 0.0308335 1.0
2499 0.0287826 0.99
2500 0.061548 0.98
2501 0.0120212 1.0
2502 0.0666939 0.98
2503 0.0733105 0.98
2504 0.0379259 0.99
2505 0.0599908 0.97
2506 0.042569 0.97
2507 0.0913535 0.95
2508 0.106806 0.97
2509 0.117797 0.95
2510 0.110035 0.97
2511 0.0280166 0.99
2512 0.0771875 0.96
2513 0.0340806 0.99
2514 0.127577 0.95
2515 0.0388455 0.99
2516 0.0210874 1.0
2517 0.0930503 0.96
2518 0.0133127 1.0
2519 0.0627469 0.97
2520 0.0219506 1.0
2521 0.0546408 0.99
2522 0.0332184 0.99
2523 0.0992261 0.97
2524 0.102769 0.97
2525 0.0392719 0.99
2526 0.0919541 0.97
2527 0.0367016 0.98
2528 0.0858897 0.97
2529 0.016833 1.0
2530 0.065766 0.98
2531 0.158628 0.96
2532 0.0652191 0.99
2533 0.173821 0.95
2534 0.0320375 0.99
2535 0.085406 0.98
2536 0.0380351 0.99
2537 0.0508049 0.98
2538 0.0286782 0.99
2539 0.0723424 0.97
2540 0.103998 0.97
2541 0.0103271 1.0
2542 0.0691738 0.97
2543 0.026424 0.99
2544 0.0827565 0.96
2545 0.0314428 0.99
2546 0.0245618 0.99
2547 0.0895339 0.97
2548 0.172226 0.95
2549 0.140954 0.97
2550 0.0498962 0.99
2551 0.197776 0.96
2552 0.0704013 0.97
2553 0.0315938 0.99
2554 0.0765602 0.98
2555 0.113443 0.97
2556 0.0917932 0.97
2557 0.0230762 0.99
2558 0.0914642 0.97
2559 0.0551069 0.98
2560 0.0765711 0.97
2561 0.0189014 0.99
2562 0.0976856 0.98
2563 0.00942789 1.0
2564 0.0410193 0.98
2565 0.0504823 0.98
2566 0.0434189 0.98
2567 0.0736222 0.97
2568 0.0635214 0.96
2569 0.0508974 0.97
2570 0.0479157 0.99
2571 0.052187 0.99
2572 0.240284 0.93
2573 0.0258063 1.0
2574 0.0383392 1.0
2575 0.0630149 0.97
2576 0.0498126 0.98
2577 0.346019 0.94
2578 0.0612231 0.98
2579 0.146202 0.96
2580 0.17304 0.97
2581 0.0304959 0.99
2582 0.203067 0.95
2583 0.188598 0.96
2584 0.106985 0.98
2585 0.103688 0.93
2586 0.0828673 0.98
2587 0.0629377 0.98
2588 0.0757517 0.97
2589 0.0987966 0.95
2590 0.0460937 0.97
2591 0.113812 0.98
2592 0.0719508 0.97
2593 0.114332 0.96
2594 0.0259884 0.99
2595 0.0955115 0.98
2596 0.0813571 0.96
2597 0.0701659 0.99
2598 0.0324073 0.99
2599 0.0679 0.98
2600 0.0464809 0.99
2601 0.0375136 0.98
2602 0.056992 0.98
2603 0.0966886 0.97
2604 0.0527146 0.98
2605 0.0493706 0.97
2606 0.137 0.98
2607 0.172159 0.95
2608 0.107334 0.96
2609 0.0263444 1.0
2610 0.04984 0.99
2611 0.0310815 0.99
2612 0.146862 0.96
2613 0.0303905 0.99
2614 0.0663224 0.97
2615 0.124657 0.96
2616 0.0127084 1.0
2617 0.0174437 1.0
2618 0.0529628 0.98
2619 0.0566879 0.98
2620 0.0493743 0.98
2621 0.0393917 0.99
2622 0.0595677 0.97
2623 0.102001 0.96
2624 0.043346 0.98
2625 0.0243496 0.99
2626 0.0295617 0.99
2627 0.0931424 0.97
2628 0.0613793 0.97
2629 0.0776134 0.96
2630 0.210689 0.93
2631 0.0395053 0.99
2632 0.0707333 0.97
2633 0.0685477 0.99
2634 0.119727 0.94
2635 0.071111 0.96
2636 0.0648083 0.96
2637 0.0840246 0.96
2638 0.200644 0.93
2639 0.0750259 0.98
2640 0.0190583 1.0
2641 0.0684595 0.98
2642 0.0195131 0.99
2643 0.0365118 0.99
2644 0.0653512 0.97
2645 0.0553714 0.96
2646 0.069709 0.98
2647 0.0547863 0.98
2648 0.148796 0.96
2649 0.159438 0.98
2650 0.106862 0.97
2651 0.213064 0.94
2652 0.0669444 0.98
2653 0.0694549 0.99
2654 0.0584849 0.98
2655 0.00983533 1.0
2656 0.122299 0.97
2657 0.0440805 0.99
2658 0.0851571 0.98
2659 0.109134 0.95
2660 0.104975 0.96
2661 0.0545788 0.97
2662 0.118588 0.98
2663 0.217143 0.95
2664 0.0672089 0.98
2665 0.138402 0.97
2666 0.136643 0.96
2667 0.0690539 0.96
2668 0.0630587 0.98
2669 0.125226 0.96
2670 0.0391637 0.99
2671 0.0791533 0.98
2672 0.0328138 0.99
2673 0.16191 0.96
2674 0.0947722 0.99
2675 0.0258584 0.99
2676 0.0431407 0.99
2677 0.0556571 0.99
2678 0.057601 0.97
2679 0.0643045 0.98
2680 0.0301771 0.98
2681 0.0927571 0.98
2682 0.0489529 0.98
2683 0.0216996 1.0
2684 0.0435713 0.99
2685 0.107585 0.96
2686 0.0202417 0.99
2687 0.0180986 1.0
2688 0.0814988 0.97
2689 0.156308 0.96
2690 0.043496 0.98
2691 0.0292124 0.99
2692 0.0301637 1.0
2693 0.0890338 0.96
2694 0.0838256 0.97
2695 0.0867804 0.97
2696 0.130766 0.95
2697 0.0276852 0.99
2698 0.091408 0.98
2699 0.0333181 0.99
2700 0.0691403 0.97
2701 0.0566907 0.99
2702 0.0279475 0.99
2703 0.0592444 0.96
2704 0.0135083 1.0
2705 0.0935843 0.98
2706 0.0333455 0.99
2707 0.0726256 0.97
2708 0.0853479 0.98
2709 0.105975 0.97
2710 0.0359553 0.98
2711 0.0621826 0.98
2712 0.0597756 0.98
2713 0.0172276 1.0
2714 0.168953 0.97
2715 0.0266079 0.99
2716 0.0249335 0.99
2717 0.0874612 0.98
2718 0.0734002 0.98
2719 0.107794 0.97
2720 0.0605279 0.98
2721 0.0576314 0.98
2722 0.0345107 0.99
2723 0.0728252 0.96
2724 0.0428273 0.99
2725 0.0949738 0.98
2726 0.107981 0.98
2727 0.0340038 0.98
2728 0.111167 0.97
2729 0.092526 0.96
2730 0.0450679 0.99
2731 0.0400336 0.99
2732 0.0506849 0.98
2733 0.088121 0.95
2734 0.190645 0.95
2735 0.0572928 0.99
2736 0.0996678 0.98
2737 0.0710024 0.97
2738 0.0585828 0.97
2739 0.0719354 0.97
2740 0.0449499 0.99
2741 0.063629 0.97
2742 0.0622887 0.97
2743 0.0199357 0.99
2744 0.122003 0.97
2745 0.110139 0.98
2746 0.0280748 0.99
2747 0.120637 0.97
2748 0.154058 0.97
2749 0.0798111 0.97
2750 0.0379991 0.99
2751 0.0664948 0.97
2752 0.00526311 1.0
2753 0.0144847 0.99
2754 0.115436 0.96
2755 0.180354 0.93
2756 0.0629112 0.98
2757 0.0948615 0.97
2758 0.0557251 0.98
2759 0.0608889 0.98
2760 0.0490418 0.98
2761 0.0279936 0.99
2762 0.1588 0.95
2763 0.0446459 0.99
2764 0.121025 0.96
2765 0.0652692 0.99
2766 0.0306842 0.99
2767 0.0696083 0.99
2768 0.139622 0.93
2769 0.011468 1.0
2770 0.0556312 0.99
2771 0.0669681 0.97
2772 0.0200559 0.99
2773 0.148663 0.96
2774 0.0745452 0.96
2775 0.101414 0.96
2776 0.0737548 0.97
2777 0.0574204 0.98
2778 0.150953 0.95
2779 0.102903 0.96
2780 0.0770769 0.98
2781 0.0911968 0.96
2782 0.0257185 1.0
2783 0.0847598 0.96
2784 0.0999642 0.97
2785 0.148167 0.97
2786 0.208726 0.93
2787 0.06403 0.99
2788 0.0905486 0.97
2789 0.0309332 0.99
2790 0.150372 0.94
2791 0.0340398 0.99
2792 0.177642 0.98
2793 0.00986297 1.0
2794 0.0622216 0.98
2795 0.0647253 0.99
2796 0.0587652 0.98
2797 0.0721676 0.98
2798 0.0332188 0.99
2799 0.111056 0.97
2800 0.0813837 0.98
2801 0.0373444 0.98
2802 0.026026 1.0
2803 0.118603 0.94
2804 0.0596772 0.97
2805 0.0443715 0.99
2806 0.0225473 0.99
2807 0.100069 0.97
2808 0.0663376 0.97
2809 0.089304 0.97
2810 0.159377 0.98
2811 0.0444439 0.99
2812 0.0450555 0.98
2813 0.0311177 0.99
2814 0.0699039 0.98
2815 0.0246558 0.99
2816 0.0630955 0.98
2817 0.111003 0.95
2818 0.0348153 0.99
2819 0.145713 0.97
2820 0.0675497 0.98
2821 0.105838 0.97
2822 0.073874 0.98
2823 0.0589245 0.98
2824 0.0616653 0.97
2825 0.158875 0.96
2826 0.0582459 0.98
2827 0.0444929 0.99
2828 0.107696 0.95
2829 0.0572849 0.98
2830 0.0246059 1.0
2831 0.136939 0.98
2832 0.183388 0.96
2833 0.0614921 0.98
2834 0.106315 0.97
2835 0.049958 0.99
2836 0.0207084 1.0
2837 0.0689599 0.98
2838 0.0846486 0.96
2839 0.0620653 0.99
2840 0.0212822 1.0
2841 0.0149793 0.99
2842 0.0286714 0.99
2843 0.0141279 1.0
2844 0.143883 0.96
2845 0.0356983 0.99
2846 0.0363185 0.99
2847 0.0589289 0.99
2848 0.0472345 0.99
2849 0.0717604 0.98
2850 0.0455993 0.98
2851 0.0598859 0.99
2852 0.00772138 1.0
2853 0.0618623 0.96
2854 0.0709166 0.99
2855 0.0303554 0.99
2856 0.0604154 0.99
2857 0.096162 0.99
2858 0.172658 0.96
2859 0.0449651 0.98
2860 0.0199872 0.99
2861 0.163795 0.95
2862 0.0645768 0.98
2863 0.0290498 0.99
2864 0.0169468 1.0
2865 0.0734218 0.99
2866 0.0237486 0.99
2867 0.0455392 0.98
2868 0.0442345 0.99
2869 0.0465969 0.98
2870 0.03007 0.98
2871 0.139124 0.94
2872 0.144801 0.96
2873 0.0642752 0.98
2874 0.0554687 0.99
2875 0.0286671 0.99
2876 0.0559186 0.97
2877 0.0245679 0.99
2878 0.0200287 1.0
2879 0.046225 0.98
2880 0.176083 0.96
2881 0.0497813 0.97
2882 0.0376528 0.99
2883 0.122804 0.95
2884 0.0597139 0.98
2885 0.0218573 0.99
2886 0.0880997 0.96
2887 0.0424996 0.99
2888 0.102303 0.96
2889 0.0468667 0.99
2890 0.0644933 0.99
2891 0.115212 0.96
2892 0.071096 0.99
2893 0.0320272 1.0
2894 0.0450052 0.99
2895 0.0493478 0.99
2896 0.106667 0.97
2897 0.0911739 0.98
2898 0.0584581 0.97
2899 0.0440157 0.98
2900 0.0468513 0.99
2901 0.0684734 0.97
2902 0.0726992 0.96
2903 0.154546 0.95
2904 0.0767656 0.99
2905 0.177492 0.97
2906 0.0952839 0.96
2907 0.0575281 0.97
2908 0.205903 0.94
2909 0.0450091 0.97
2910 0.0399056 0.98
2911 0.0483281 0.99
2912 0.0540141 0.97
2913 0.0543054 0.98
2914 0.0610715 0.97
2915 0.0310752 0.98
2916 0.109313 0.98
2917 0.0525236 0.98
2918 0.0866972 0.97
2919 0.118581 0.95
2920 0.0674065 0.97
2921 0.0903835 0.97
2922 0.0128742 1.0
2923 0.0804991 0.98
2924 0.0135742 1.0
2925 0.132772 0.97
2926 0.0463045 0.97
2927 0.0373461 0.98
2928 0.0379912 0.98
2929 0.0715416 0.97
2930 0.149161 0.95
2931 0.0340904 0.98
2932 0.0264313 0.98
2933 0.042045 0.97
2934 0.0931234 0.98
2935 0.0810897 0.97
2936 0.0743717 0.97
2937 0.0964501 0.97
2938 0.0248797 0.99
2939 0.113139 0.97
2940 0.0267943 1.0
2941 0.0266608 0.99
2942 0.0357095 0.99
2943 0.0441545 0.97
2944 0.10758 0.98
