1 16.8796 0.08
2 14.9445 0.133333
3 14.569 0.186667
4 12.0917 0.226667
5 11.9946 0.273333
6 5.60501 0.38
7 6.29604 0.38
8 3.93044 0.5
9 4.89058 0.48
10 5.17591 0.44
11 4.98155 0.5
12 3.59371 0.546667
13 2.7756 0.64
14 2.76459 0.646667
15 2.91125 0.586667
16 2.47239 0.653333
17 1.26977 0.76
18 1.88989 0.7
19 1.99109 0.673333
20 2.19956 0.7
21 1.7901 0.646667
22 1.90488 0.64
23 1.95415 0.7
24 1.06901 0.786667
25 1.50769 0.78
26 1.34999 0.773333
27 1.89279 0.72
28 1.49376 0.72
29 1.6406 0.686667
30 1.60456 0.713333
31 0.920173 0.82
32 1.15983 0.766667
33 1.12344 0.813333
34 1.42337 0.766667
35 0.98634 0.78
36 1.45848 0.72
37 1.32769 0.786667
38 1.23328 0.753333
39 1.87921 0.726667
40 0.691642 0.833333
41 0.936953 0.846667
42 1.02178 0.813333
43 0.87361 0.813333
44 0.52178 0.88
45 0.806605 0.833333
46 0.730039 0.813333
47 1.02145 0.86
48 0.869332 0.833333
49 1.02848 0.786667
50 1.15345 0.806667
51 0.716393 0.84
52 0.883918 0.82
53 0.687182 0.86
54 1.33698 0.786667
55 1.14611 0.76
56 0.564964 0.893333
57 0.727352 0.873333
58 1.09738 0.813333
59 0.907138 0.826667
60 0.711763 0.86
61 0.963631 0.84
62 0.535184 0.853333
63 0.786924 0.84
64 0.482258 0.866667
65 0.924845 0.846667
66 0.85196 0.833333
67 0.686565 0.833333
68 0.881349 0.793333
69 0.885497 0.853333
70 0.407444 0.913333
71 0.657172 0.82
72 0.858838 0.853333
73 0.921981 0.813333
74 0.433074 0.873333
75 0.842905 0.813333
76 0.653337 0.88
77 0.863379 0.82
78 0.788022 0.853333
79 0.492256 0.88
80 0.568919 0.846667
81 0.734894 0.833333
82 0.386808 0.886667
83 0.526112 0.873333
84 0.620918 0.9
85 0.648212 0.873333
86 0.505842 0.886667
87 0.873549 0.833333
88 0.438305 0.873333
89 0.745163 0.84
90 0.720988 0.806667
91 0.659614 0.833333
92 0.688866 0.82
93 0.584388 0.88
94 0.456576 0.886667
95 0.432119 0.893333
96 0.503478 0.9
97 0.636081 0.893333
98 0.85948 0.82
99 0.35547 0.886667
100 0.827648 0.8
101 0.808802 0.8
102 0.461917 0.893333
103 0.456791 0.873333
104 0.373979 0.913333
105 0.512797 0.893333
106 0.434374 0.866667
107 0.246807 0.926667
108 0.330966 0.9
109 0.364481 0.886667
110 0.474221 0.906667
111 0.545271 0.886667
112 0.500061 0.873333
113 0.552453 0.9
114 0.496396 0.86
115 0.721294 0.846667
116 0.604815 0.84
117 0.280559 0.92
118 0.42845 0.86
119 0.433201 0.88
120 0.332085 0.9
121 0.431939 0.9
122 0.416311 0.873333
123 0.389696 0.893333
124 0.245869 0.913333
125 0.753801 0.88
126 0.266124 0.926667
127 0.45796 0.88
128 0.290882 0.933333
129 0.565226 0.886667
130 0.608456 0.886667
131 0.198484 0.946667
132 0.338258 0.92
133 0.432461 0.906667
134 0.897046 0.8
135 0.397652 0.92
136 0.528716 0.866667
137 0.745236 0.833333
138 0.577299 0.853333
139 0.433127 0.886667
140 0.397018 0.88
141 0.453701 0.906667
142 0.475457 0.853333
143 0.359162 0.9
144 0.56771 0.88
145 0.493208 0.86
146 0.448991 0.88
147 0.258907 0.913333
148 0.504853 0.9
149 0.719673 0.86
150 0.325945 0.913333
151 0.486841 0.906667
152 0.333143 0.92
153 0.256583 0.933333
154 0.438327 0.886667
155 0.478929 0.9
156 0.339157 0.913333
157 0.48376 0.886667
158 0.366086 0.92
159 0.188107 0.933333
160 0.339504 0.906667
161 0.401643 0.866667
162 0.362634 0.926667
163 0.494215 0.893333
164 0.363299 0.84
165 0.295469 0.893333
166 0.529961 0.88
167 0.424263 0.893333
168 0.578186 0.853333
169 0.306815 0.94
170 0.536248 0.866667
171 0.284851 0.933333
172 0.43745 0.9
173 0.485754 0.88
174 0.799837 0.886667
175 0.479374 0.893333
176 0.607821 0.886667
177 0.518905 0.886667
178 0.341603 0.926667
179 0.418439 0.913333
180 0.235388 0.926667
181 0.345159 0.913333
182 0.250482 0.926667
183 0.341661 0.893333
184 0.37429 0.893333
185 0.321646 0.906667
186 0.415911 0.9
187 0.388736 0.906667
188 0.141035 0.953333
189 0.251729 0.926667
190 0.343821 0.906667
191 0.261299 0.926667
192 0.340287 0.926667
193 0.28445 0.933333
194 0.442647 0.88
195 0.331094 0.906667
196 0.334089 0.906667
197 0.240456 0.926667
198 0.220622 0.946667
199 0.272363 0.926667
200 0.263315 0.913333
201 0.259386 0.92
202 0.479314 0.926667
203 0.209315 0.946667
204 0.352474 0.906667
205 0.365876 0.9
206 0.314089 0.893333
207 0.133492 0.953333
208 0.327863 0.906667
209 0.348662 0.94
210 0.438711 0.873333
211 0.36833 0.893333
212 0.310139 0.92
213 0.204256 0.953333
214 0.455116 0.893333
215 0.36575 0.92
216 0.378394 0.906667
217 0.214559 0.946667
218 0.339216 0.913333
219 0.211188 0.92
220 0.255437 0.933333
221 0.319029 0.913333
222 0.248048 0.926667
223 0.171456 0.92
224 0.242196 0.94
225 0.281389 0.926667
226 0.263823 0.933333
227 0.297353 0.94
228 0.360087 0.92
229 0.320818 0.926667
230 0.217673 0.933333
231 0.239822 0.933333
232 0.299061 0.926667
233 0.322003 0.9
234 0.331829 0.913333
235 0.397421 0.886667
236 0.305335 0.946667
237 0.289879 0.926667
238 0.372092 0.913333
239 0.330687 0.933333
240 0.362525 0.9
241 0.35048 0.886667
242 0.198242 0.933333
243 0.373109 0.913333
244 0.568935 0.88
245 0.529997 0.88
246 0.241461 0.92
247 0.276065 0.933333
248 0.311595 0.926667
249 0.313271 0.94
250 0.277696 0.92
251 0.30116 0.913333
252 0.192459 0.953333
253 0.22252 0.913333
254 0.383968 0.906667
255 0.195785 0.926667
256 0.336137 0.893333
257 0.239443 0.92
258 0.356269 0.92
259 0.261197 0.933333
260 0.372624 0.913333
261 0.259074 0.926667
262 0.174458 0.94
263 0.286176 0.946667
264 0.292606 0.96
265 0.215484 0.933333
266 0.218503 0.94
267 0.36405 0.913333
268 0.219064 0.92
269 0.279943 0.926667
270 0.193336 0.926667
271 0.167854 0.926667
272 0.311387 0.94
273 0.172122 0.946667
274 0.226985 0.946667
275 0.167708 0.926667
276 0.158965 0.96
277 0.204596 0.906667
278 0.282089 0.94
279 0.386714 0.9
280 0.372328 0.92
281 0.314298 0.933333
282 0.21167 0.946667
283 0.16875 0.96
284 0.190561 0.946667
285 0.340514 0.88
286 0.18943 0.94
287 0.388847 0.906667
288 0.200945 0.96
289 0.382462 0.9
290 0.192807 0.94
291 0.327775 0.933333
292 0.203131 0.946667
293 0.299954 0.906667
294 0.202867 0.96
295 0.117954 0.953333
296 0.143909 0.96
297 0.120632 0.96
298 0.203594 0.94
299 0.295162 0.92
300 0.148672 0.933333
301 0.224073 0.926667
302 0.134918 0.96
303 0.241062 0.9
304 0.248686 0.926667
305 0.204373 0.96
306 0.152781 0.94
307 0.272445 0.92
308 0.269393 0.886667
309 0.221573 0.906667
310 0.188392 0.92
311 0.290835 0.893333
312 0.307775 0.92
313 0.184714 0.953333
314 0.322674 0.94
315 0.148834 0.98
316 0.369576 0.9
317 0.297639 0.94
318 0.378358 0.906667
319 0.243163 0.946667
320 0.233326 0.933333
321 0.16137 0.953333
322 0.385756 0.926667
323 0.169027 0.946667
324 0.17999 0.946667
325 0.390968 0.926667
326 0.430288 0.92
327 0.177997 0.953333
328 0.205138 0.946667
329 0.344231 0.9
330 0.449031 0.9
331 0.277302 0.92
332 0.233814 0.933333
333 0.194524 0.96
334 0.190739 0.933333
335 0.167266 0.96
336 0.0920774 0.986667
337 0.141827 0.946667
338 0.178181 0.933333
339 0.27716 0.946667
340 0.133657 0.966667
341 0.235721 0.92
342 0.250386 0.953333
343 0.271495 0.92
344 0.237712 0.933333
345 0.231545 0.933333
346 0.248787 0.926667
347 0.393173 0.913333
348 0.263041 0.933333
349 0.219056 0.933333
350 0.151932 0.953333
351 0.183076 0.966667
352 0.38019 0.906667
353 0.109637 0.96
354 0.108495 0.96
355 0.312836 0.913333
356 0.118542 0.953333
357 0.200668 0.973333
358 0.284404 0.913333
359 0.194682 0.933333
360 0.121902 0.973333
361 0.113236 0.966667
362 0.131905 0.973333
363 0.175194 0.94
364 0.142398 0.973333
365 0.167221 0.966667
366 0.172502 0.966667
367 0.336041 0.94
368 0.184005 0.946667
369 0.341184 0.933333
370 0.0862385 0.966667
371 0.172468 0.946667
372 0.195982 0.94
373 0.253939 0.946667
374 0.201305 0.94
375 0.18188 0.94
376 0.22092 0.913333
377 0.230651 0.906667
378 0.21754 0.913333
379 0.179457 0.94
380 0.214654 0.953333
381 0.274217 0.933333
382 0.354567 0.92
383 0.148875 0.953333
384 0.149379 0.96
385 0.307027 0.913333
386 0.154748 0.953333
387 0.184759 0.953333
388 0.224376 0.933333
389 0.247865 0.926667
390 0.182301 0.946667
391 0.366718 0.92
392 0.169905 0.966667
393 0.248443 0.92
394 0.236975 0.913333
395 0.107389 0.966667
396 0.117489 0.973333
397 0.182366 0.96
398 0.215967 0.933333
399 0.102026 0.96
400 0.106364 0.966667
401 0.129872 0.94
402 0.125881 0.966667
403 0.222884 0.926667
404 0.288086 0.94
405 0.224015 0.933333
406 0.12445 0.973333
407 0.179929 0.946667
408 0.170213 0.96
409 0.148783 0.953333
410 0.253557 0.946667
411 0.118171 0.966667
412 0.261751 0.94
413 0.167259 0.946667
414 0.147379 0.96
415 0.11697 0.946667
416 0.161122 0.933333
417 0.0656383 0.98
418 0.127726 0.96
419 0.202095 0.96
420 0.189036 0.946667
421 0.0994935 0.966667
422 0.300051 0.94
423 0.282031 0.913333
424 0.0648028 0.973333
425 0.175122 0.926667
426 0.13403 0.946667
427 0.146006 0.953333
428 0.141511 0.96
429 0.169004 0.953333
430 0.100741 0.96
431 0.311115 0.946667
432 0.27882 0.953333
433 0.230661 0.926667
434 0.139692 0.966667
435 0.148631 0.96
436 0.205376 0.926667
437 0.239715 0.946667
438 0.176163 0.933333
439 0.149041 0.946667
440 0.295299 0.926667
441 0.0713014 0.973333
442 0.108384 0.96
443 0.144227 0.94
444 0.134611 0.953333
445 0.282126 0.926667
446 0.147728 0.96
447 0.0671144 0.973333
448 0.139356 0.953333
449 0.197671 0.946667
450 0.300367 0.926667
451 0.276577 0.946667
452 0.102995 0.966667
453 0.116635 0.96
454 0.226079 0.92
455 0.206021 0.953333
456 0.109009 0.96
457 0.30801 0.933333
458 0.145846 0.953333
459 0.253601 0.946667
460 0.308946 0.926667
461 0.316307 0.913333
462 0.139428 0.973333
463 0.152527 0.96
464 0.187448 0.933333
465 0.222451 0.926667
466 0.174716 0.953333
467 0.206391 0.94
468 0.0896556 0.966667
469 0.195647 0.946667
470 0.14593 0.973333
471 0.224209 0.94
472 0.248973 0.946667
473 0.136163 0.966667
474 0.18684 0.953333
475 0.107039 0.96
476 0.124404 0.96
477 0.140946 0.946667
478 0.069146 0.98
479 0.0262187 0.993333
480 0.221483 0.92
481 0.153378 0.946667
482 0.178692 0.953333
483 0.199497 0.926667
484 0.130473 0.953333
485 0.276861 0.933333
486 0.115094 0.953333
487 0.0912683 0.966667
488 0.130729 0.98
489 0.0745291 0.973333
490 0.119716 0.96
491 0.17469 0.953333
492 0.16898 0.94
493 0.120148 0.96
494 0.306078 0.94
495 0.165463 0.953333
496 0.322525 0.913333
497 0.167316 0.933333
498 0.259665 0.913333
499 0.268384 0.92
500 0.272941 0.926667
501 0.134634 0.966667
502 0.095253 0.973333
503 0.201239 0.94
504 0.306488 0.906667
505 0.0794911 0.973333
506 0.13163 0.966667
507 0.124615 0.953333
508 0.197802 0.94
509 0.0675223 0.973333
510 0.239333 0.946667
511 0.171455 0.96
512 0.168363 0.946667
513 0.122985 0.96
514 0.142323 0.953333
515 0.1536 0.96
516 0.0979726 0.96
517 0.137159 0.96
518 0.0925462 0.973333
519 0.152408 0.953333
520 0.158084 0.96
521 0.136804 0.96
522 0.0504566 0.973333
523 0.0863403 0.966667
524 0.149805 0.96
525 0.169613 0.946667
526 0.160435 0.953333
527 0.0810191 0.96
528 0.307825 0.933333
529 0.165108 0.953333
530 0.249663 0.913333
531 0.11685 0.953333
532 0.163025 0.966667
533 0.205148 0.953333
534 0.158088 0.946667
535 0.284257 0.926667
536 0.164915 0.96
537 0.0817115 0.973333
538 0.258758 0.913333
539 0.239297 0.933333
540 0.089021 0.96
541 0.1207 0.96
542 0.188229 0.926667
543 0.209686 0.953333
544 0.121657 0.953333
545 0.171017 0.933333
546 0.0474912 0.986667
547 0.109323 0.953333
548 0.271596 0.953333
549 0.15821 0.946667
550 0.133134 0.96
551 0.10737 0.966667
552 0.189125 0.946667
553 0.169283 0.94
554 0.169423 0.96
555 0.115434 0.96
556 0.18734 0.953333
557 0.053073 0.986667
558 0.0771056 0.98
559 0.330477 0.926667
560 0.211378 0.94
561 0.0628644 0.993333
562 0.123304 0.966667
563 0.224749 0.94
564 0.0201201 0.993333
565 0.107689 0.98
566 0.181922 0.94
567 0.135713 0.96
568 0.129581 0.953333
569 0.207979 0.946667
570 0.145883 0.96
571 0.104063 0.973333
572 0.129702 0.953333
573 0.0742753 0.966667
574 0.0371644 0.98
575 0.180165 0.94
576 0.140428 0.973333
577 0.259375 0.94
578 0.128499 0.966667
579 0.164755 0.933333
580 0.143284 0.953333
581 0.0908901 0.966667
582 0.205736 0.94
583 0.0726716 0.96
584 0.126263 0.946667
585 0.180575 0.94
586 0.138617 0.973333
587 0.152396 0.953333
588 0.0972415 0.973333
589 0.199635 0.96
590 0.244294 0.94
591 0.159153 0.953333
592 0.0497131 0.973333
593 0.144363 0.96
594 0.143975 0.96
595 0.1133 0.966667
596 0.0593324 0.973333
597 0.221648 0.946667
598 0.113737 0.96
599 0.150459 0.966667
600 0.147492 0.966667
601 0.224569 0.933333
602 0.156397 0.953333
603 0.252199 0.94
604 0.0786238 0.973333
605 0.171033 0.946667
606 0.0884527 0.973333
607 0.0291476 0.98
608 0.115855 0.966667
609 0.223711 0.953333
610 0.170923 0.953333
611 0.0843104 0.973333
612 0.113441 0.953333
613 0.171326 0.966667
614 0.299218 0.953333
615 0.137109 0.953333
616 0.133522 0.96
617 0.0696839 0.986667
618 0.202039 0.94
619 0.102368 0.973333
620 0.0984081 0.96
621 0.237014 0.946667
622 0.146999 0.953333
623 0.144282 0.933333
624 0.0744102 0.973333
625 0.126095 0.98
626 0.0857397 0.98
627 0.0740939 0.973333
628 0.168811 0.94
629 0.231256 0.933333
630 0.0870048 0.98
631 0.162384 0.946667
632 0.227501 0.933333
633 0.207965 0.92
634 0.107596 0.973333
635 0.142981 0.953333
636 0.114718 0.96
637 0.183975 0.946667
638 0.115735 0.966667
639 0.2158 0.966667
640 0.0718536 0.98
641 0.218385 0.94
642 0.187798 0.94
643 0.169605 0.953333
644 0.085367 0.966667
645 0.221902 0.94
646 0.0254109 0.986667
647 0.219018 0.953333
648 0.0959304 0.96
649 0.10103 0.966667
650 0.213164 0.946667
651 0.0830144 0.96
652 0.0763144 0.986667
653 0.0704507 0.98
654 0.291094 0.926667
655 0.146105 0.953333
656 0.197197 0.946667
657 0.0644475 0.98
658 0.143179 0.946667
659 0.177295 0.973333
660 0.166645 0.966667
661 0.176615 0.946667
662 0.138938 0.953333
663 0.0962382 0.966667
664 0.0717391 0.98
665 0.113476 0.96
666 0.0954694 0.966667
667 0.0762132 0.973333
668 0.0615325 0.98
669 0.133467 0.96
670 0.19158 0.946667
671 0.0570641 0.98
672 0.116308 0.966667
673 0.0281356 0.98
674 0.0735785 0.973333
675 0.171232 0.953333
676 0.116562 0.98
677 0.0643022 0.98
678 0.121642 0.973333
679 0.162061 0.953333
680 0.20344 0.973333
681 0.15534 0.953333
682 0.127339 0.966667
683 0.16227 0.946667
684 0.152029 0.96
685 0.0899003 0.98
686 0.0459352 0.98
687 0.165553 0.946667
688 0.0758113 0.96
689 0.125674 0.973333
690 0.23311 0.946667
691 0.131117 0.953333
692 0.089308 0.98
693 0.0837606 0.973333
694 0.172519 0.933333
695 0.178638 0.966667
696 0.217196 0.953333
697 0.100464 0.946667
698 0.21214 0.946667
699 0.0646115 0.98
700 0.173174 0.953333
701 0.0678726 0.98
702 0.193386 0.953333
703 0.0574709 0.973333
704 0.123858 0.973333
705 0.116662 0.966667
706 0.103993 0.966667
707 0.118538 0.96
708 0.129873 0.946667
709 0.0916391 0.966667
710 0.163008 0.94
711 0.085997 0.966667
712 0.143045 0.96
713 0.0856423 0.973333
714 0.0538574 0.973333
715 0.140729 0.966667
716 0.037579 0.98
717 0.0513469 0.986667
718 0.175156 0.946667
719 0.0458638 0.993333
720 0.246608 0.946667
721 0.0658598 0.973333
722 0.0355201 0.993333
723 0.145965 0.953333
724 0.0831355 0.966667
725 0.079487 0.986667
726 0.204308 0.96
727 0.138905 0.953333
728 0.153517 0.94
729 0.0985476 0.98
730 0.0178278 1.0
731 0.130644 0.966667
732 0.0563789 0.98
733 0.168504 0.953333
734 0.0439482 0.98
735 0.0651645 0.98
736 0.0777817 0.973333
737 0.0734498 0.966667
738 0.0905794 0.966667
739 0.0829808 0.98
740 0.183643 0.96
741 0.281557 0.933333
742 0.0609782 0.98
743 0.163644 0.96
744 0.200963 0.973333
745 0.136826 0.946667
746 0.163205 0.966667
747 0.13779 0.966667
748 0.157687 0.953333
749 0.0829627 0.973333
750 0.0954131 0.973333
751 0.192022 0.953333
752 0.0953906 0.946667
753 0.0662957 0.973333
754 0.0736996 0.973333
755 0.131062 0.933333
756 0.09634 0.966667
757 0.136939 0.94
758 0.0972334 0.993333
759 0.0909839 0.98
760 0.147567 0.966667
761 0.0307292 0.993333
762 0.165661 0.953333
763 0.179116 0.953333
764 0.0910051 0.973333
765 0.161326 0.96
766 0.0792887 0.98
767 0.0700917 0.98
768 0.0632806 0.993333
769 0.0440069 0.986667
770 0.202554 0.953333
771 0.107474 0.966667
772 0.121083 0.96
773 0.16495 0.96
774 0.111813 0.973333
775 0.144288 0.953333
776 0.0794225 0.973333
777 0.0741609 0.973333
778 0.0683113 0.98
779 0.0945578 0.966667
780 0.0912234 0.98
781 0.128871 0.966667
782 0.280945 0.946667
783 0.039851 0.993333
784 0.157344 0.94
785 0.0909239 0.966667
786 0.172009 0.953333
787 0.201103 0.946667
788 0.157336 0.94
789 0.149565 0.96
790 0.254054 0.94
791 0.0870727 0.973333
792 0.155874 0.953333
793 0.0284405 0.986667
794 0.0615484 0.98
795 0.0488716 0.96
796 0.146611 0.946667
797 0.0854322 0.98
798 0.0930324 0.98
799 0.235117 0.94
800 0.0896445 0.96
801 0.143041 0.96
802 0.113574 0.973333
803 0.125733 0.973333
804 0.0858168 0.973333
805 0.148219 0.96
806 0.104999 0.973333
807 0.266387 0.926667
808 0.080684 0.973333
809 0.0580664 0.973333
810 0.118519 0.953333
811 0.170955 0.966667
812 0.0937972 0.96
813 0.115133 0.96
814 0.100436 0.966667
815 0.0563511 0.98
816 0.0757372 0.973333
817 0.0238472 1.0
818 0.0858114 0.966667
819 0.0941771 0.96
820 0.0859527 0.973333
821 0.22121 0.94
822 0.114468 0.96
823 0.0456053 0.973333
824 0.139347 0.96
825 0.0539033 0.98
826 0.0514169 0.986667
827 0.153349 0.953333
828 0.106664 0.973333
829 0.0755725 0.966667
830 0.118401 0.953333
831 0.212445 0.926667
832 0.136268 0.973333
833 0.163138 0.946667
834 0.0576701 0.98
835 0.0317428 0.986667
836 0.0710407 0.973333
837 0.170463 0.96
838 0.130604 0.973333
839 0.176529 0.933333
840 0.113235 0.96
841 0.170468 0.96
842 0.0822918 0.98
843 0.164036 0.973333
844 0.0874155 0.966667
845 0.122646 0.953333
846 0.0986526 0.966667
847 0.0955643 0.96
848 0.117057 0.96
849 0.118523 0.966667
850 0.070619 0.973333
851 0.112196 0.966667
852 0.173735 0.946667
853 0.103923 0.966667
854 0.0800347 0.966667
855 0.122448 0.966667
856 0.123298 0.973333
857 0.100345 0.96
858 0.127602 0.953333
859 0.0733914 0.973333
860 0.0884176 0.973333
861 0.0774153 0.973333
862 0.0990467 0.973333
863 0.125333 0.966667
864 0.160998 0.946667
865 0.134727 0.96
866 0.115712 0.953333
867 0.102108 0.966667
868 0.0511449 0.98
869 0.0510698 0.973333
870 0.0786313 0.98
871 0.0729233 0.98
872 0.119295 0.953333
873 0.18859 0.953333
874 0.0575004 0.98
875 0.0479458 0.986667
876 0.0919132 0.966667
877 0.0829476 0.973333
878 0.0514071 0.973333
879 0.0771764 0.96
880 0.0616144 0.966667
881 0.0750198 0.966667
882 0.0451067 0.986667
883 0.081556 0.966667
884 0.12931 0.966667
885 0.13411 0.966667
886 0.0720196 0.98
887 0.0621582 0.986667
888 0.141076 0.953333
889 0.071422 0.966667
890 0.075688 0.98
891 0.188838 0.946667
892 0.1316 0.953333
893 0.0838601 0.96
894 0.18455 0.946667
895 0.228489 0.966667
896 0.0909656 0.98
897 0.17476 0.96
898 0.103705 0.98
899 0.059193 0.986667
900 0.197852 0.96
901 0.110665 0.966667
902 0.143337 0.953333
903 0.144621 0.953333
904 0.0709013 0.98
905 0.123483 0.953333
906 0.0561747 0.986667
907 0.181261 0.946667
908 0.0852933 0.973333
909 0.192466 0.946667
910 0.168687 0.946667
911 0.0312938 0.993333
912 0.0438096 0.986667
913 0.0934774 0.973333
914 0.141417 0.966667
915 0.313291 0.933333
916 0.0765977 0.973333
917 0.114149 0.96
918 0.0639586 0.973333
919 0.142127 0.953333
920 0.0894441 0.96
921 0.1149 0.96
922 0.0877731 0.986667
923 0.0421268 0.986667
924 0.111485 0.946667
925 0.0253085 0.993333
926 0.145767 0.933333
927 0.105147 0.966667
928 0.0960119 0.96
929 0.0731676 0.98
930 0.120196 0.98
931 0.118483 0.96
932 0.125262 0.966667
933 0.0581312 0.973333
934 0.0786762 0.973333
935 0.115483 0.946667
936 0.0620123 0.973333
937 0.126946 0.96
938 0.134222 0.966667
939 0.166548 0.953333
940 0.162145 0.946667
941 0.0988739 0.98
942 0.0656435 0.973333
943 0.103955 0.973333
944 0.0924138 0.946667
945 0.111016 0.953333
946 0.0990734 0.98
947 0.084279 0.98
948 0.13511 0.96
949 0.127159 0.966667
950 0.124573 0.953333
951 0.124065 0.96
952 0.101234 0.966667
953 0.157452 0.946667
954 0.0772653 0.98
955 0.107712 0.96
956 0.119594 0.966667
957 0.085153 0.973333
958 0.0731955 0.973333
959 0.158649 0.966667
960 0.315819 0.946667
961 0.168943 0.96
962 0.179778 0.96
963 0.0347242 0.98
964 0.0766849 0.986667
965 0.161904 0.966667
966 0.0453785 0.986667
967 0.142856 0.946667
968 0.0679852 0.973333
969 0.0422676 0.986667
970 0.125577 0.946667
971 0.0823177 0.96
972 0.0574492 0.98
973 0.124046 0.966667
974 0.10206 0.98
975 0.0497187 0.986667
976 0.155288 0.946667
977 0.162255 0.953333
978 0.121131 0.98
979 0.0406777 0.986667
980 0.0902361 0.973333
981 0.166296 0.953333
982 0.0462514 0.98
983 0.042084 0.986667
984 0.0479572 0.966667
985 0.0810366 0.973333
986 0.0522639 0.98
987 0.0470294 0.98
988 0.0920919 0.966667
989 0.0694471 0.973333
990 0.104634 0.973333
991 0.0735936 0.966667
992 0.0750897 0.973333
993 0.0469888 0.986667
994 0.0487945 0.98
995 0.0910325 0.973333
996 0.0351687 1.0
997 0.222452 0.92
998 0.0316171 0.993333
999 0.084101 0.966667
1000 0.0339534 0.986667
1001 0.132733 0.96
1002 0.0603188 0.98
1003 0.0899491 0.966667
1004 0.0549527 0.98
1005 0.0643017 0.986667
1006 0.0702734 0.973333
1007 0.0571873 0.973333
1008 0.0215366 1.0
1009 0.135504 0.966667
1010 0.112551 0.966667
1011 0.0478562 0.973333
1012 0.0637213 0.966667
1013 0.0590093 0.986667
1014 0.0310511 0.98
1015 0.0673415 0.98
1016 0.0987849 0.96
1017 0.15426 0.98
1018 0.0392044 0.986667
1019 0.056571 0.986667
1020 0.0199882 0.993333
1021 0.0999098 0.98
1022 0.0503033 0.98
1023 0.0816093 0.973333
1024 0.136937 0.973333
1025 0.0552787 0.986667
1026 0.0272134 0.993333
1027 0.0625579 0.973333
1028 0.0449377 0.98
1029 0.146777 0.946667
1030 0.0616622 0.98
1031 0.0452986 0.986667
1032 0.0988115 0.96
1033 0.111059 0.98
1034 0.047375 0.98
1035 0.0594816 0.986667
1036 0.0775199 0.98
1037 0.139664 0.96
1038 0.0936285 0.98
1039 0.117794 0.966667
1040 0.101044 0.96
1041 0.0583975 0.973333
1042 0.0404444 0.98
1043 0.0291991 0.993333
1044 0.133218 0.946667
1045 0.103918 0.966667
1046 0.0923232 0.953333
1047 0.0930025 0.973333
1048 0.0899043 0.966667
1049 0.10736 0.96
1050 0.0429607 0.973333
1051 0.118685 0.966667
1052 0.0430711 0.98
1053 0.0464896 0.98
1054 0.0887742 0.96
1055 0.0719868 0.973333
1056 0.0987867 0.966667
1057 0.0228494 0.993333
1058 0.0336629 0.993333
1059 0.0719296 0.98
1060 0.0602252 0.973333
1061 0.0943612 0.98
1062 0.0492925 0.986667
1063 0.0940341 0.96
1064 0.0976556 0.966667
1065 0.0910123 0.98
1066 0.0906235 0.986667
1067 0.110878 0.98
1068 0.0637052 0.973333
1069 0.113483 0.966667
1070 0.0978814 0.946667
1071 0.113991 0.953333
1072 0.0899578 0.98
1073 0.0744413 0.986667
1074 0.191963 0.96
1075 0.0682366 0.98
1076 0.0714735 0.98
1077 0.197252 0.953333
1078 0.103618 0.986667
1079 0.0287262 0.993333
1080 0.0569122 0.98
1081 0.0192541 0.993333
1082 0.0858483 0.96
1083 0.0503271 0.973333
1084 0.0606716 0.966667
1085 0.0755325 0.973333
1086 0.200426 0.953333
1087 0.012346 1.0
1088 0.0747796 0.973333
1089 0.0867115 0.966667
1090 0.106357 0.966667
1091 0.140262 0.98
1092 0.0492389 0.993333
1093 0.0521411 0.98
1094 0.0339798 0.993333
1095 0.0988532 0.966667
1096 0.129207 0.966667
1097 0.133038 0.96
1098 0.0996191 0.96
1099 0.0797608 0.973333
1100 0.119213 0.966667
1101 0.0869923 0.96
1102 0.0978128 0.96
1103 0.0466378 0.98
1104 0.0897766 0.973333
1105 0.0530467 0.98
1106 0.0610972 0.966667
1107 0.0842665 0.966667
1108 0.0513182 0.986667
1109 0.0658488 0.973333
1110 0.0729149 0.973333
1111 0.115491 0.96
1112 0.0827115 0.973333
1113 0.0872605 0.986667
1114 0.0419429 0.986667
1115 0.113424 0.973333
1116 0.119439 0.966667
1117 0.050287 0.986667
1118 0.118191 0.973333
1119 0.0771185 0.973333
1120 0.0704337 0.986667
1121 0.0759868 0.98
1122 0.0995515 0.973333
1123 0.142585 0.953333
1124 0.101645 0.98
1125 0.103825 0.966667
1126 0.0863102 0.986667
1127 0.0862324 0.966667
1128 0.0609341 0.973333
1129 0.103245 0.973333
1130 0.0640066 0.986667
1131 0.0542596 0.98
1132 0.0601577 0.98
1133 0.0609506 0.986667
1134 0.054504 0.98
1135 0.108278 0.966667
1136 0.184836 0.953333
1137 0.126262 0.973333
1138 0.057768 0.973333
1139 0.048501 0.986667
1140 0.0703688 0.973333
1141 0.113654 0.973333
1142 0.118211 0.98
1143 0.0944976 0.96
1144 0.0522094 0.98
1145 0.0740855 0.98
1146 0.0561475 0.973333
1147 0.0894087 0.973333
1148 0.183622 0.96
1149 0.0347547 0.986667
1150 0.16644 0.96
1151 0.122994 0.973333
1152 0.120504 0.973333
1153 0.056054 0.986667
1154 0.143988 0.973333
1155 0.0920692 0.98
1156 0.0476142 0.973333
1157 0.063124 0.98
1158 0.146693 0.966667
1159 0.0626499 0.986667
1160 0.122472 0.966667
1161 0.0872323 0.966667
1162 0.0424284 0.98
1163 0.0490534 0.98
1164 0.113215 0.98
1165 0.0558777 0.966667
1166 0.109181 0.966667
1167 0.0596625 0.966667
1168 0.0326536 0.993333
1169 0.0434828 0.973333
1170 0.0589472 0.98
1171 0.111622 0.966667
1172 0.154116 0.96
1173 0.0729439 0.966667
1174 0.0777046 0.966667
1175 0.122478 0.966667
1176 0.0709487 0.966667
1177 0.0528028 0.993333
1178 0.0305862 0.98
1179 0.0536773 0.986667
1180 0.0576463 0.98
1181 0.150293 0.96
1182 0.0542879 0.986667
1183 0.062244 0.986667
1184 0.0355771 0.993333
1185 0.103521 0.98
1186 0.0799794 0.973333
1187 0.0547866 0.973333
1188 0.0788029 0.966667
1189 0.114077 0.953333
1190 0.0347557 0.986667
1191 0.290211 0.96
1192 0.137833 0.96
1193 0.167433 0.946667
1194 0.101162 0.973333
1195 0.0848949 0.98
1196 0.105176 0.96
1197 0.0676272 0.98
1198 0.0667565 0.98
1199 0.0606379 0.973333
1200 0.0260572 0.986667
1201 0.0340415 0.986667
1202 0.147698 0.96
1203 0.148052 0.973333
1204 0.0303582 0.993333
1205 0.0952094 0.966667
1206 0.0944242 0.973333
1207 0.140807 0.953333
1208 0.0651552 0.98
1209 0.111129 0.966667
1210 0.136811 0.973333
1211 0.0682793 0.973333
1212 0.0227092 0.993333
1213 0.113033 0.966667
1214 0.0173004 0.993333
1215 0.0908589 0.973333
1216 0.0243445 0.993333
1217 0.0623131 0.973333
1218 0.0573039 0.973333
1219 0.0584975 0.973333
1220 0.142111 0.98
1221 0.0348965 0.98
1222 0.1819 0.946667
1223 0.0274877 0.993333
1224 0.0899734 0.973333
1225 0.0754943 0.986667
1226 0.0931154 0.98
1227 0.0516046 0.98
1228 0.0902891 0.973333
1229 0.0667345 0.966667
1230 0.0479747 0.98
1231 0.0486421 0.98
1232 0.0809596 0.973333
1233 0.0441605 0.98
1234 0.042406 0.986667
1235 0.0453787 0.986667
1236 0.17396 0.966667
1237 0.0678071 0.98
1238 0.135508 0.96
1239 0.060453 0.98
1240 0.0746019 0.966667
1241 0.131229 0.973333
1242 0.132764 0.96
1243 0.0819162 0.966667
1244 0.0607121 0.973333
1245 0.0103893 1.0
1246 0.0370938 0.993333
1247 0.0310313 0.986667
1248 0.0763713 0.98
1249 0.0431981 0.986667
1250 0.0475676 0.993333
1251 0.0892973 0.973333
1252 0.01265 1.0
1253 0.111191 0.966667
1254 0.149409 0.946667
1255 0.0709224 0.986667
1256 0.0887782 0.966667
1257 0.119744 0.973333
1258 0.13764 0.973333
1259 0.0409243 0.98
1260 0.0455575 0.986667
1261 0.174891 0.96
1262 0.148622 0.96
1263 0.0637891 0.98
1264 0.0353686 0.993333
1265 0.0379035 0.986667
1266 0.0750301 0.98
1267 0.118345 0.966667
1268 0.0522576 0.986667
1269 0.0601715 0.98
1270 0.0949873 0.96
1271 0.120253 0.96
1272 0.0989036 0.966667
1273 0.0330393 0.986667
1274 0.197259 0.946667
1275 0.0287255 1.0
1276 0.0515422 0.98
1277 0.0331907 0.98
1278 0.0502515 0.98
1279 0.0889646 0.973333
1280 0.14274 0.953333
1281 0.0423428 0.986667
1282 0.0702694 0.966667
1283 0.0629609 0.966667
1284 0.0644815 0.986667
1285 0.0933145 0.98
1286 0.1504 0.933333
1287 0.0523929 0.966667
1288 0.0486493 0.98
1289 0.0787208 0.98
1290 0.103303 0.953333
1291 0.0792257 0.986667
1292 0.0343614 0.986667
1293 0.0441421 0.986667
1294 0.0564167 0.973333
1295 0.0303675 0.986667
1296 0.043218 0.986667
1297 0.0374469 0.98
1298 0.0171614 1.0
1299 0.0985864 0.953333
1300 0.0710874 0.973333
1301 0.12043 0.966667
1302 0.0337555 0.986667
1303 0.151965 0.96
1304 0.025821 0.993333
1305 0.0179656 0.986667
1306 0.106116 0.98
1307 0.150167 0.946667
1308 0.114509 0.953333
1309 0.0496205 0.986667
1310 0.064838 0.98
1311 0.101442 0.973333
1312 0.0542665 0.973333
1313 0.0363452 0.986667
1314 0.06826 0.98
1315 0.0521403 0.986667
1316 0.16752 0.96
1317 0.102121 0.98
1318 0.0190655 0.993333
1319 0.116697 0.966667
1320 0.0317226 0.986667
1321 0.0438473 0.993333
1322 0.0137108 1.0
1323 0.0729348 0.973333
1324 0.196493 0.94
1325 0.0532911 0.98
1326 0.0978201 0.98
1327 0.0875764 0.98
1328 0.0314521 0.986667
1329 0.0321389 0.993333
1330 0.0490053 0.986667
1331 0.0726339 0.986667
1332 0.117052 0.96
1333 0.0876492 0.973333
1334 0.112189 0.966667
1335 0.11007 0.96
1336 0.0716461 0.973333
1337 0.237197 0.953333
1338 0.0523744 0.966667
1339 0.0169664 1.0
1340 0.050092 0.986667
1341 0.0539514 0.986667
1342 0.0409834 0.993333
1343 0.0842988 0.953333
1344 0.0219689 0.993333
1345 0.0603903 0.98
1346 0.125232 0.973333
1347 0.0763213 0.98
1348 0.0252447 0.993333
1349 0.0991386 0.96
1350 0.0181813 0.993333
1351 0.128842 0.96
1352 0.0599067 0.98
1353 0.0941171 0.973333
1354 0.101029 0.966667
1355 0.0777427 0.966667
1356 0.0617062 0.98
1357 0.100518 0.973333
1358 0.0670631 0.986667
1359 0.0345063 0.993333
1360 0.0840413 0.98
1361 0.145937 0.953333
1362 0.112917 0.966667
1363 0.0381189 0.986667
1364 0.0357348 0.993333
1365 0.0595732 0.98
1366 0.0906778 0.966667
1367 0.0597314 0.98
1368 0.0535246 0.973333
1369 0.116963 0.973333
1370 0.0728701 0.98
1371 0.0331205 0.986667
1372 0.06048 0.98
1373 0.0544937 0.98
1374 0.109939 0.966667
1375 0.0882641 0.966667
1376 0.0215852 0.986667
1377 0.0146917 1.0
1378 0.0731015 0.973333
1379 0.0343797 0.986667
1380 0.0339471 0.98
1381 0.0460795 0.986667
1382 0.0365879 0.986667
1383 0.122467 0.973333
1384 0.0793005 0.98
1385 0.095099 0.98
1386 0.083852 0.986667
1387 0.295662 0.946667
1388 0.0700794 0.973333
1389 0.0397583 0.986667
1390 0.0558259 0.973333
1391 0.0167339 1.0
1392 0.134114 0.953333
1393 0.100993 0.986667
1394 0.13191 0.953333
1395 0.0482864 0.993333
1396 0.171473 0.953333
1397 0.0780243 0.966667
1398 0.0372052 0.986667
1399 0.032364 0.986667
1400 0.105214 0.966667
1401 0.0825406 0.986667
1402 0.0382087 0.986667
1403 0.0164275 0.993333
1404 0.078481 0.973333
1405 0.179608 0.96
1406 0.0689815 0.973333
1407 0.0435077 0.986667
1408 0.0890346 0.98
1409 0.0464622 0.973333
1410 0.0469796 0.973333
1411 0.0536555 0.986667
1412 0.00773077 1.0
1413 0.0588522 0.966667
1414 0.124749 0.98
1415 0.151767 0.966667
1416 0.0791407 0.966667
1417 0.0849848 0.98
1418 0.0207761 0.993333
1419 0.0240551 0.993333
1420 0.0433487 0.986667
1421 0.0741562 0.973333
1422 0.064979 0.98
1423 0.066023 0.966667
1424 0.0451738 0.966667
1425 0.0834425 0.96
1426 0.0501757 0.986667
1427 0.0839645 0.96
1428 0.0457528 0.98
1429 0.0764345 0.98
1430 0.112128 0.96
1431 0.0469169 0.993333
1432 0.0620423 0.986667
1433 0.0482447 0.98
1434 0.0527474 0.98
1435 0.0481863 0.98
1436 0.0449575 0.986667
1437 0.0760309 0.973333
1438 0.166349 0.966667
1439 0.0639982 0.966667
1440 0.059124 0.98
1441 0.138288 0.973333
1442 0.120428 0.966667
1443 0.0683855 0.973333
1444 0.091291 0.973333
1445 0.0228646 0.986667
1446 0.102727 0.96
1447 0.0595712 0.973333
1448 0.160288 0.953333
1449 0.0608493 0.98
1450 0.0729621 0.986667
1451 0.0136881 1.0
1452 0.049695 0.993333
1453 0.0537665 0.986667
1454 0.0395465 0.966667
1455 0.151121 0.953333
1456 0.0565238 0.973333
1457 0.0342777 0.986667
1458 0.0482579 0.98
1459 0.0559337 0.973333
1460 0.0855656 0.973333
1461 0.0826018 0.973333
1462 0.142079 0.96
1463 0.0545216 0.986667
1464 0.00906731 1.0
1465 0.0475927 0.98
1466 0.182817 0.94
1467 0.0322267 0.986667
1468 0.0807566 0.973333
1469 0.0852733 0.98
1470 0.0429936 0.986667
1471 0.0841691 0.966667
1472 0.0875252 0.966667
1473 0.0612286 0.98
1474 0.115716 0.966667
1475 0.117443 0.966667
1476 0.0453463 0.986667
1477 0.0508684 0.986667
1478 0.108756 0.96
1479 0.0347524 0.993333
1480 0.0811814 0.966667
1481 0.0728508 0.973333
1482 0.036894 0.98
1483 0.0753926 0.966667
1484 0.0328355 0.98
1485 0.104249 0.966667
1486 0.0765655 0.966667
1487 0.0657243 0.98
1488 0.0385319 0.993333
1489 0.0638801 0.973333
1490 0.0274416 0.986667
1491 0.130189 0.973333
1492 0.0742313 0.973333
1493 0.0433965 0.98
1494 0.0359603 0.993333
1495 0.108172 0.966667
1496 0.0063887 1.0
1497 0.0400376 0.98
1498 0.0324464 0.993333
1499 0.0346269 0.986667
1500 0.0469431 0.98
1501 0.148718 0.946667
1502 0.0653087 0.98
1503 0.0523661 0.98
1504 0.0666806 0.973333
1505 0.205466 0.953333
1506 0.0261052 0.993333
1507 0.0591551 0.96
1508 0.113539 0.966667
1509 0.0696168 0.986667
1510 0.0340644 0.993333
1511 0.0354189 0.986667
1512 0.0371222 0.98
1513 0.0131789 1.0
1514 0.0257961 0.993333
1515 0.0923204 0.96
1516 0.11796 0.98
1517 0.041746 0.993333
1518 0.0492366 0.986667
1519 0.080001 0.966667
1520 0.0662589 0.973333
1521 0.0170111 0.993333
1522 0.0678094 0.973333
1523 0.0513433 0.98
1524 0.0495724 0.973333
1525 0.0272504 0.993333
1526 0.137115 0.96
1527 0.0651291 0.98
1528 0.0348349 0.993333
1529 0.0283523 0.993333
1530 0.0605265 0.986667
1531 0.071821 0.98
1532 0.0396849 0.98
1533 0.16936 0.953333
1534 0.0058785 1.0
1535 0.128177 0.953333
1536 0.0434456 0.986667
1537 0.0714742 0.966667
1538 0.0221447 0.993333
1539 0.0368223 0.986667
1540 0.0479255 0.986667
1541 0.108929 0.966667
1542 0.0365524 0.993333
1543 0.0829272 0.973333
1544 0.0297688 0.986667
1545 0.088963 0.973333
1546 0.0522494 0.993333
1547 0.0546892 0.986667
1548 0.144283 0.966667
1549 0.0371323 0.986667
1550 0.0335046 0.993333
1551 0.0626478 0.973333
1552 0.127264 0.973333
1553 0.0368131 0.993333
1554 0.0285235 0.986667
1555 0.104771 0.96
1556 0.0573918 0.98
1557 0.0678295 0.986667
1558 0.0098337 0.993333
1559 0.0972153 0.973333
1560 0.0811029 0.98
1561 0.0779879 0.96
1562 0.107394 0.98
1563 0.129423 0.966667
1564 0.0992796 0.98
1565 0.0317264 0.98
1566 0.0617187 0.973333
1567 0.05212 0.986667
1568 0.0307777 0.993333
1569 0.0298558 0.993333
1570 0.0623447 0.973333
1571 0.0484508 0.98
1572 0.117537 0.973333
1573 0.115218 0.953333
1574 0.0663391 0.973333
1575 0.0787335 0.986667
1576 0.0686929 0.973333
1577 0.0466049 0.986667
1578 0.0722575 0.993333
1579 0.0392619 0.986667
1580 0.0752626 0.986667
1581 0.0639298 0.98
1582 0.0652505 0.986667
1583 0.0396105 0.966667
1584 0.0615365 0.98
1585 0.121257 0.966667
1586 0.0638467 0.98
1587 0.0373109 0.98
1588 0.100544 0.973333
1589 0.0568337 0.986667
1590 0.127113 0.96
1591 0.091428 0.986667
1592 0.0867576 0.966667
1593 0.122174 0.96
1594 0.0377976 0.986667
1595 0.0977097 0.973333
1596 0.0780876 0.973333
1597 0.0776727 0.96
1598 0.0665161 0.993333
1599 0.0804628 0.986667
1600 0.043453 0.966667
1601 0.0702123 0.966667
1602 0.208591 0.946667
1603 0.0896307 0.98
1604 0.043166 0.98
1605 0.0434017 0.986667
1606 0.0899379 0.98
1607 0.0572071 0.993333
1608 0.118399 0.98
1609 0.0387107 0.986667
1610 0.0300716 0.993333
1611 0.115835 0.96
1612 0.103033 0.966667
1613 0.0667932 0.98
1614 0.0854047 0.973333
1615 0.0625498 0.986667
1616 0.115243 0.966667
1617 0.0693423 0.98
1618 0.135906 0.973333
1619 0.0348328 0.986667
1620 0.0355831 0.98
1621 0.0419242 0.986667
1622 0.0246441 0.993333
1623 0.0603891 0.98
1624 0.0178344 1.0
1625 0.0755407 0.973333
1626 0.0249225 0.993333
1627 0.0457172 0.993333
1628 0.0220671 0.993333
1629 0.0977685 0.973333
1630 0.151974 0.946667
1631 0.0195039 0.993333
1632 0.0906009 0.98
1633 0.0412285 0.986667
1634 0.0807081 0.973333
1635 0.0478709 0.98
1636 0.0440618 0.986667
1637 0.0907215 0.973333
1638 0.0504974 0.98
1639 0.0739926 0.98
1640 0.187481 0.94
1641 0.0516516 0.98
1642 0.0251599 0.993333
1643 0.0930406 0.973333
1644 0.0750946 0.98
1645 0.124311 0.96
1646 0.0320615 0.993333
1647 0.0600377 0.973333
1648 0.0944542 0.966667
1649 0.0290639 0.993333
1650 0.0269013 0.993333
1651 0.0515665 0.986667
1652 0.1088 0.96
1653 0.108281 0.946667
1654 0.0542294 0.98
1655 0.0104245 1.0
1656 0.0316196 0.98
1657 0.116347 0.966667
1658 0.0325106 0.98
1659 0.0335101 0.986667
1660 0.013724 1.0
1661 0.0624923 0.986667
1662 0.0768661 0.973333
1663 0.0286044 0.993333
1664 0.022999 0.993333
1665 0.0205076 1.0
1666 0.0407884 0.986667
1667 0.0351244 0.993333
1668 0.0921744 0.98
1669 0.117722 0.953333
1670 0.0487098 0.98
1671 0.0241274 0.993333
1672 0.0238366 0.986667
1673 0.0914018 0.973333
1674 0.0260214 0.993333
1675 0.0404146 0.973333
1676 0.0641395 0.986667
1677 0.0563276 0.973333
1678 0.0176359 1.0
1679 0.0362794 0.98
1680 0.0508227 0.986667
1681 0.0672788 0.98
1682 0.0185946 1.0
1683 0.0351125 0.986667
1684 0.00825994 1.0
1685 0.105614 0.973333
1686 0.0628512 0.98
1687 0.0293396 0.993333
1688 0.0233128 0.993333
1689 0.126535 0.973333
1690 0.0753963 0.993333
1691 0.144323 0.973333
1692 0.0364918 0.986667
1693 0.0222552 0.993333
1694 0.0445761 0.986667
1695 0.0471207 0.98
1696 0.024589 0.993333
1697 0.0527322 0.986667
1698 0.0272298 0.986667
1699 0.0826134 0.973333
1700 0.0986509 0.96
1701 0.0348999 0.986667
1702 0.0833108 0.98
1703 0.0776047 0.98
1704 0.0699847 0.973333
1705 0.0403928 0.986667
1706 0.0341746 0.986667
1707 0.0349748 0.986667
1708 0.0613101 0.973333
1709 0.132828 0.96
1710 0.118393 0.966667
1711 0.107341 0.973333
1712 0.0609588 0.986667
1713 0.129433 0.973333
1714 0.0257773 0.986667
1715 0.0104779 1.0
1716 0.106891 0.96
1717 0.0448532 0.986667
1718 0.0510444 0.986667
1719 0.0200101 0.993333
1720 0.0537651 0.986667
1721 0.0960992 0.973333
1722 0.1812 0.973333
1723 0.0357646 0.98
1724 0.0434143 0.98
1725 0.119051 0.966667
1726 0.0163834 1.0
1727 0.0492937 0.98
1728 0.0531258 0.98
1729 0.0435516 0.993333
1730 0.037169 0.993333
1731 0.12227 0.973333
1732 0.0943957 0.973333
1733 0.0122485 0.993333
1734 0.0151201 0.986667
1735 0.0219393 0.993333
1736 0.0376513 0.98
1737 0.125365 0.973333
1738 0.0360906 0.973333
1739 0.0212726 0.993333
1740 0.0321136 0.993333
1741 0.199287 0.96
1742 0.0618036 0.973333
1743 0.0430315 0.993333
1744 0.102758 0.98
1745 0.0728791 0.973333
1746 0.072827 0.973333
1747 0.0140087 0.993333
1748 0.101166 0.966667
1749 0.107957 0.96
1750 0.0389153 0.973333
1751 0.0564867 0.986667
1752 0.0449029 0.98
1753 0.104528 0.973333
1754 0.0830674 0.986667
1755 0.0489204 0.973333
1756 0.0479048 0.98
1757 0.0417909 0.973333
1758 0.115848 0.973333
1759 0.0587553 0.993333
1760 0.0110241 1.0
1761 0.084838 0.966667
1762 0.0881079 0.986667
1763 0.090771 0.98
1764 0.0738957 0.98
1765 0.0538176 0.98
1766 0.0409851 0.986667
1767 0.0161212 0.993333
1768 0.0321265 0.986667
1769 0.077679 0.966667
1770 0.060623 0.98
1771 0.068021 0.98
1772 0.0311677 0.986667
1773 0.0722117 0.966667
1774 0.0116023 0.993333
1775 0.0120657 0.993333
1776 0.0763917 0.986667
1777 0.0272833 0.993333
1778 0.0900377 0.973333
1779 0.112158 0.966667
1780 0.0957605 0.966667
1781 0.0466857 0.986667
1782 0.0938836 0.966667
