1 50.9499 0.09
2 113.456 0.1
3 123.294 0.24
4 113.761 0.38
5 114.094 0.47
6 86.5621 0.41
7 81.9533 0.47
8 61.2841 0.53
9 64.199 0.4
10 37.0726 0.54
11 23.6542 0.57
12 27.4793 0.51
13 20.3259 0.57
14 19.7333 0.54
15 18.1018 0.5
16 14.6471 0.54
17 10.2372 0.56
18 7.72048 0.65
19 6.68756 0.59
20 4.49744 0.8
21 4.95108 0.74
22 6.12202 0.59
23 6.52312 0.61
24 6.36775 0.61
25 5.5417 0.67
26 5.06208 0.67
27 4.72949 0.71
28 3.55652 0.78
29 4.14265 0.73
30 3.77471 0.77
31 3.41803 0.77
32 3.45047 0.76
33 2.84456 0.78
34 4.10034 0.71
35 3.79811 0.69
36 3.01089 0.82
37 3.23637 0.82
38 3.30924 0.78
39 2.8434 0.82
40 2.7436 0.85
41 2.84471 0.79
42 3.08043 0.78
43 2.892 0.81
44 2.36396 0.89
45 2.69071 0.87
46 2.47383 0.87
47 2.44969 0.88
48 2.67995 0.86
49 2.2373 0.84
50 2.21462 0.84
51 3.01472 0.84
52 2.29201 0.88
53 2.39478 0.89
54 2.13826 0.88
55 2.34385 0.83
56 2.04184 0.87
57 2.06454 0.87
58 1.72994 0.9
59 1.89872 0.86
60 2.21536 0.86
61 2.18409 0.86
62 1.41232 0.92
63 2.11597 0.85
64 1.65303 0.89
65 1.62264 0.92
66 2.63242 0.82
67 1.575 0.92
68 1.81543 0.87
69 1.5023 0.93
70 1.38629 0.92
71 1.3966 0.96
72 1.53878 0.93
73 1.38727 0.9
74 1.34737 0.91
75 1.19355 0.96
76 1.47614 0.91
77 2.10364 0.84
78 1.38846 0.95
79 1.62407 0.9
80 1.59085 0.86
81 1.45745 0.94
82 1.74731 0.89
83 1.00007 0.93
84 1.79001 0.91
85 1.40032 0.9
86 1.52221 0.93
87 1.96831 0.87
88 1.55554 0.89
89 1.33189 0.91
90 1.92067 0.88
91 1.39226 0.9
92 1.10105 0.94
93 1.30454 0.93
94 1.51823 0.9
95 1.52565 0.89
96 1.62268 0.9
97 1.90311 0.82
98 0.796535 0.96
99 1.95882 0.88
100 1.3875 0.89
101 0.855435 0.94
102 1.37866 0.91
103 1.38287 0.89
104 1.03253 0.94
105 1.42917 0.89
106 1.4518 0.91
107 0.73533 0.98
108 1.56842 0.89
109 1.19524 0.94
110 1.77855 0.88
111 1.04795 0.93
112 1.38733 0.88
113 0.743656 0.99
114 1.31202 0.92
115 1.4156 0.91
116 1.27314 0.9
117 0.741257 0.96
118 1.10482 0.95
119 1.39488 0.91
120 1.24389 0.92
121 1.02307 0.94
122 1.13422 0.94
123 1.8041 0.89
124 0.976492 0.93
125 1.19926 0.93
126 0.577938 0.99
127 1.4639 0.92
128 1.42501 0.95
129 1.60827 0.92
130 1.37561 0.9
131 0.777694 0.95
132 0.706151 0.96
133 0.868713 0.94
134 1.1094 0.92
135 1.22645 0.92
136 1.03653 0.93
137 1.09092 0.91
138 0.86375 0.95
139 1.11466 0.94
140 1.15647 0.93
141 1.3213 0.92
142 0.703207 0.95
143 0.911471 0.94
144 1.17041 0.93
145 0.899125 0.91
146 1.15946 0.93
147 0.738182 0.94
148 0.538615 0.96
149 0.784196 0.96
150 0.640481 0.97
151 1.52047 0.92
152 0.98213 0.92
153 0.587817 0.99
154 1.11114 0.92
155 0.970806 0.93
156 0.552581 0.95
157 0.948048 0.95
158 0.489845 0.98
159 1.12219 0.93
160 0.822903 0.94
161 1.1342 0.92
162 0.816453 0.96
163 1.22456 0.94
164 1.15474 0.94
165 0.659503 0.97
166 1.59306 0.93
167 1.22684 0.9
168 0.999645 0.92
169 0.572209 0.97
170 1.13017 0.94
171 0.783211 0.98
172 0.822581 0.94
173 1.05155 0.92
174 0.74622 0.97
175 1.09181 0.93
176 0.912275 0.94
177 0.449691 0.99
178 0.8563 0.94
179 1.06242 0.95
180 0.817671 0.96
181 1.0572 0.95
182 1.14705 0.92
183 0.701119 0.96
184 0.524271 0.97
185 1.05249 0.93
186 0.809856 0.93
187 0.485746 0.98
188 1.01978 0.95
189 0.519531 0.97
190 0.719557 0.95
191 0.851063 0.95
192 0.953356 0.95
193 0.75925 0.95
194 0.936346 0.94
195 1.04502 0.93
196 0.634411 0.96
197 0.946384 0.93
198 0.809955 0.95
199 0.614171 0.97
200 0.910272 0.95
201 0.873757 0.94
202 0.51823 0.98
203 0.722014 0.97
204 0.592639 0.98
205 0.607111 0.98
206 0.40478 0.98
207 0.672951 0.98
208 0.683068 0.96
209 0.727996 0.96
210 0.542237 0.95
211 0.6582 0.95
212 0.329167 0.98
213 0.547569 0.97
214 0.858289 0.96
215 0.785946 0.96
216 0.664375 0.97
217 0.838695 0.95
218 0.59503 0.97
219 0.940756 0.94
220 0.376348 0.96
221 1.25581 0.92
222 0.610292 0.98
223 0.838718 0.95
224 1.04253 0.95
225 0.548544 0.96
226 1.19994 0.94
227 0.816554 0.96
228 0.310503 0.98
229 0.889482 0.94
230 1.08694 0.94
231 1.26338 0.94
232 0.640076 0.97
233 0.68925 0.95
234 0.557302 0.99
235 0.822004 0.94
236 0.502092 1.0
237 0.810875 0.95
238 0.555137 0.96
239 0.665897 0.96
240 0.43635 0.97
241 0.343693 0.98
242 0.746958 0.95
243 0.663051 0.95
244 0.501513 0.97
245 0.959832 0.93
246 0.430704 0.97
247 0.779269 0.94
248 1.07263 0.93
249 0.850134 0.95
250 0.3786 0.98
251 0.740034 0.96
252 0.516681 0.97
253 0.768937 0.96
254 0.428908 0.98
255 0.471946 0.97
256 0.857009 0.93
257 0.447618 0.98
258 0.602434 0.97
259 0.572362 0.97
260 0.637174 0.97
261 0.720726 0.94
262 0.6326 0.95
263 0.243262 0.99
264 0.84128 0.95
265 0.748007 0.93
266 1.15282 0.92
267 1.17176 0.96
268 0.279622 0.98
269 0.968004 0.96
270 0.953004 0.95
271 0.963537 0.95
272 0.479123 0.98
273 1.00994 0.9
274 0.541609 0.97
275 1.20062 0.94
276 0.588466 0.96
277 0.462635 0.98
278 0.974706 0.96
279 0.818773 0.95
280 0.698546 0.95
281 0.946629 0.92
282 0.676524 0.95
283 0.662239 0.97
284 1.07188 0.93
285 0.435574 0.97
286 0.560523 0.97
287 0.43561 0.98
288 0.665286 0.97
289 0.490809 0.98
290 0.685691 0.95
291 0.509112 0.97
292 0.334929 0.99
293 0.726687 0.97
294 0.549052 0.97
295 0.465906 0.97
296 0.442511 0.98
297 0.460859 0.97
298 0.345015 0.99
299 0.557726 0.98
300 0.608232 0.96
301 1.07889 0.93
302 0.290278 0.98
303 0.560305 0.96
304 0.443459 0.96
305 0.883854 0.95
306 0.646618 0.97
307 0.709245 0.93
308 0.576092 0.97
309 0.413753 0.98
310 0.508505 0.97
311 0.623334 0.95
312 0.606867 0.95
313 0.637813 0.94
314 0.724377 0.96
315 0.703773 0.94
316 0.943572 0.97
317 0.272446 0.99
318 0.81969 0.94
319 0.420299 0.98
320 0.857956 0.94
321 0.345849 0.99
322 0.606993 0.94
323 0.323872 0.99
324 0.543339 0.98
325 0.670091 0.94
326 0.665458 0.94
327 0.468324 0.97
328 0.433737 0.97
329 0.551082 0.96
330 0.594645 0.95
331 0.353864 0.99
332 0.579523 0.97
333 0.373649 0.98
334 0.256732 0.98
335 0.744328 0.97
336 0.584434 0.96
337 0.700389 0.95
338 0.788727 0.96
339 0.674973 0.95
340 0.648093 0.96
341 0.583036 0.97
342 0.423462 0.98
343 0.334521 0.97
344 0.735334 0.96
345 0.524755 0.96
346 0.453687 0.97
347 0.615836 0.95
348 0.358706 0.98
349 0.680798 0.97
350 0.564127 0.96
351 0.389716 0.97
352 0.609023 0.97
353 0.487446 0.98
354 0.307612 0.96
355 0.374981 0.97
356 0.627561 0.95
357 0.510678 0.97
358 0.753558 0.96
359 0.341507 0.98
360 0.232073 0.99
361 0.215398 0.99
362 0.661105 0.96
363 0.592055 0.97
364 0.545299 0.96
365 0.278594 0.98
366 0.684787 0.96
367 0.546895 0.96
368 0.350713 0.98
369 0.372648 0.97
370 0.862989 0.93
371 0.712246 0.94
372 0.829273 0.94
373 0.414262 0.96
374 0.610379 0.96
375 0.353921 0.97
376 0.579155 0.97
377 0.334012 0.99
378 0.329874 1.0
379 0.384071 0.96
380 0.623931 0.97
381 0.387254 0.97
382 1.11474 0.94
383 0.658539 0.95
384 0.807795 0.97
385 0.266711 1.0
386 0.640808 0.95
387 0.361829 0.98
388 0.550271 0.97
389 0.631681 0.95
390 0.333992 0.99
391 0.856146 0.95
392 0.70228 0.94
393 0.48404 0.98
394 0.803331 0.97
395 0.67949 0.95
396 0.183301 0.99
397 0.66335 0.98
398 0.338119 0.98
399 0.328032 0.97
400 0.509584 0.97
401 0.467412 0.98
402 0.856329 0.95
403 0.356134 0.97
404 0.376366 0.99
405 0.303522 0.97
406 0.329154 0.97
407 0.531114 0.95
408 0.627466 0.96
409 0.456645 0.97
410 0.843729 0.93
411 0.27662 0.98
412 0.550119 0.95
413 0.429135 0.96
414 0.598737 0.97
415 0.383108 0.96
416 0.29803 0.99
417 0.436485 0.98
418 0.386766 0.97
419 0.448818 0.97
420 0.318302 0.99
421 0.971835 0.92
422 0.541105 0.94
423 0.519711 0.98
424 0.506272 0.96
425 0.695728 0.96
426 0.497101 0.97
427 0.471193 0.97
428 0.43622 0.98
429 0.525778 0.98
430 0.247464 1.0
431 0.454606 0.98
432 0.361098 0.97
433 0.228694 0.99
434 0.255264 0.98
435 0.311895 0.97
436 0.472011 0.96
437 0.501869 0.97
438 0.349458 0.97
439 0.465897 0.98
440 0.521322 0.97
441 0.612496 0.98
442 0.517998 0.97
443 0.4549 0.97
444 0.388089 0.96
445 0.349117 0.98
446 0.305022 0.99
447 0.675503 0.97
448 0.553319 0.96
449 0.469451 0.97
450 0.366964 0.98
451 0.307777 0.98
452 0.621539 0.93
453 0.25875 0.97
454 0.612127 0.96
455 0.198253 1.0
456 0.756082 0.93
457 0.192055 0.98
458 0.316387 0.98
459 0.436132 0.98
460 0.350561 0.98
461 0.736706 0.96
462 0.485622 0.97
463 0.42328 0.97
464 0.632833 0.97
465 0.536062 0.97
466 0.501144 0.97
467 0.646299 0.98
468 0.184519 0.99
469 0.779338 0.94
470 0.43182 0.97
471 0.480741 0.96
472 0.427066 0.96
473 0.482109 0.98
474 0.285192 0.99
475 0.398358 0.96
476 0.626148 0.97
477 0.47662 0.99
478 0.548358 0.97
479 0.434469 0.98
480 0.335459 0.98
481 0.692753 0.97
482 0.479751 0.98
483 0.608115 0.94
484 0.243685 1.0
485 0.245027 0.99
486 0.666867 0.96
487 0.445538 0.96
488 0.39041 0.99
489 0.210939 1.0
490 0.18588 1.0
491 0.272227 0.99
492 0.156235 0.99
493 0.531123 0.96
494 0.342061 0.98
495 0.336717 0.98
496 0.826727 0.92
497 0.308227 0.98
498 0.388786 0.97
499 0.244733 1.0
500 0.719343 0.95
501 0.885738 0.95
502 0.78367 0.97
503 0.601328 0.95
504 0.646992 0.94
505 0.735828 0.98
506 0.549361 0.92
507 1.24672 0.91
508 0.705648 0.95
509 1.22789 0.92
510 1.34812 0.9
511 0.806485 0.94
512 0.809844 0.95
513 1.11979 0.9
514 0.902749 0.93
515 1.11039 0.93
516 0.938457 0.94
517 0.717279 0.95
518 1.16086 0.9
519 1.119 0.95
520 0.582111 0.95
521 0.841494 0.93
522 1.32105 0.92
523 0.547123 0.94
524 0.833877 0.97
525 1.02698 0.92
526 1.2405 0.92
527 0.84745 0.94
528 0.703021 0.93
529 0.99492 0.92
530 1.02737 0.94
531 0.66424 0.96
532 1.24542 0.9
533 0.764022 0.94
534 0.723168 0.95
535 1.12214 0.9
536 1.04152 0.92
537 0.758535 0.95
538 1.01945 0.95
539 0.746736 0.94
540 0.513969 0.98
541 0.997548 0.92
542 0.616913 0.93
543 1.09507 0.92
544 0.925477 0.94
545 0.849738 0.94
546 0.989977 0.9
547 1.10933 0.92
548 0.792947 0.91
549 1.03374 0.92
550 0.771351 0.96
551 1.01452 0.93
552 0.604015 0.99
553 0.945263 0.93
554 0.458724 0.96
555 0.79961 0.94
556 0.689852 0.96
557 0.676542 0.96
558 0.530167 0.98
559 0.819147 0.96
560 0.448991 0.99
561 0.786954 0.96
562 0.310453 0.99
563 0.851095 0.92
564 0.629916 0.97
565 0.634161 0.97
566 1.20426 0.91
567 0.605118 0.95
568 0.768475 0.92
569 0.68644 0.95
570 0.978532 0.93
571 0.500339 0.98
572 0.642092 0.96
573 0.563766 0.97
574 0.563736 0.96
575 0.567532 0.97
576 0.867369 0.96
577 1.21653 0.94
578 1.04108 0.92
579 0.379668 0.98
580 0.668849 0.93
581 0.627704 0.96
582 0.236556 0.98
583 0.572956 0.98
584 1.10423 0.95
585 0.851476 0.92
586 0.740715 0.96
587 0.979013 0.92
588 0.838692 0.95
589 0.853043 0.96
590 1.24957 0.91
591 0.5585 0.98
592 0.532262 0.99
593 0.669994 0.96
594 0.899513 0.94
595 0.610941 0.97
596 0.848807 0.98
597 1.20671 0.93
598 0.251653 0.99
599 0.731395 0.94
600 0.635153 0.94
601 0.381382 0.99
602 0.852425 0.94
603 0.982974 0.93
604 0.578183 0.97
605 0.543657 0.95
606 0.815932 0.95
607 0.559749 0.96
608 0.997038 0.96
609 0.77988 0.93
610 1.0523 0.94
611 0.581239 0.96
612 0.73881 0.93
613 0.561738 0.98
614 0.776098 0.94
615 0.698676 0.96
616 0.81889 0.94
617 0.410414 0.96
618 0.723992 0.95
619 0.65469 0.94
620 0.863655 0.93
621 0.373574 0.97
622 0.520126 0.95
623 1.13218 0.9
624 0.532629 0.96
625 0.74478 0.93
626 0.744069 0.95
627 1.08549 0.94
628 0.710281 0.93
629 1.17586 0.92
630 1.24475 0.93
631 0.326099 0.98
632 0.62459 0.94
633 0.67759 0.96
634 0.748369 0.95
635 1.02155 0.94
636 0.724128 0.94
637 0.662682 0.96
638 0.654044 0.99
639 0.909262 0.93
640 0.655182 0.95
641 0.778636 0.94
642 0.593806 0.97
643 0.607254 0.96
644 0.775295 0.95
645 0.66764 0.95
646 0.669664 0.95
647 0.807594 0.95
648 0.362375 0.97
649 0.417642 0.98
650 0.471619 0.98
651 1.11854 0.94
652 0.60793 0.95
653 0.496829 0.99
654 0.79959 0.91
655 0.56463 0.97
656 0.202412 0.99
657 0.473708 0.97
658 0.296387 0.99
659 0.945646 0.93
660 0.449012 0.96
661 0.776477 0.95
662 0.501375 0.97
663 0.842718 0.93
664 0.77889 0.96
665 0.334447 0.99
666 0.578928 0.96
667 0.755446 0.95
668 0.70945 0.94
669 0.370604 0.98
670 0.962141 0.94
671 0.636054 0.96
672 0.679856 0.92
673 0.828435 0.97
674 0.307164 0.98
675 0.58408 0.97
676 0.91833 0.93
677 0.361393 0.98
678 0.397762 0.98
679 0.86319 0.94
680 0.672637 0.96
681 0.714302 0.93
682 0.922771 0.94
683 0.628402 0.97
684 0.47813 0.95
685 0.65373 0.94
686 0.423514 0.97
687 0.341412 0.97
688 0.780169 0.93
689 0.387974 0.97
690 0.450272 0.97
691 0.525168 0.97
692 0.612513 0.96
693 0.509078 0.97
694 0.669514 0.95
695 0.631424 0.98
696 0.451166 0.97
697 0.513733 0.97
698 0.672867 0.97
699 0.438956 0.98
700 0.717683 0.92
701 0.600431 0.96
702 0.446949 0.98
703 0.467565 0.97
704 0.41621 0.99
705 0.417229 0.98
706 0.415502 0.98
707 0.397154 0.98
708 0.547233 0.98
709 0.408359 0.97
710 0.461612 0.98
711 0.533372 0.95
712 0.165842 0.99
713 0.354446 0.98
714 0.767668 0.96
715 0.573225 0.96
716 0.574264 0.97
717 0.826715 0.95
718 0.26589 0.98
719 0.595263 0.96
720 0.383488 1.0
721 0.601226 0.94
722 0.376601 0.98
723 0.376677 0.97
724 0.71827 0.96
725 0.496557 0.95
726 0.613211 0.97
727 0.330512 0.97
728 0.245144 0.99
729 0.644078 0.93
730 0.999116 0.93
731 0.490085 0.95
732 0.561298 0.96
733 0.456307 0.95
734 0.279918 0.99
735 0.658243 0.97
736 0.483018 0.95
737 0.634893 0.95
738 0.450233 0.98
739 0.407743 0.99
740 0.35181 0.99
741 0.414261 0.98
742 0.499642 0.95
743 0.686382 0.95
744 0.353378 0.97
745 0.867926 0.96
746 0.687066 0.94
747 0.38964 0.99
748 0.580277 0.97
749 0.922928 0.96
750 0.346965 0.99
751 0.83409 0.96
752 0.473182 0.96
753 0.38057 0.98
754 0.473257 0.99
755 0.798688 0.95
756 0.673146 0.95
757 0.467752 0.95
758 0.457628 0.97
759 0.766929 0.98
760 0.356333 0.98
761 0.591345 0.96
762 0.428889 0.97
763 0.768881 0.95
764 0.771544 0.97
765 0.905039 0.95
766 0.652087 0.97
767 1.19199 0.94
768 0.275533 0.98
769 0.495654 0.97
770 0.727379 0.93
771 0.803624 0.95
772 0.570912 0.97
773 1.02908 0.94
774 0.440165 0.98
775 0.707039 0.95
776 0.631932 0.95
777 0.465602 0.97
778 0.617469 0.95
779 0.534273 0.98
780 0.325733 0.99
781 0.936318 0.92
782 0.623604 0.96
783 0.490252 0.96
784 0.847875 0.95
785 0.468004 0.96
786 0.667826 0.94
787 0.509706 0.97
788 0.427469 0.99
789 0.461099 0.98
790 0.40462 0.97
791 0.340142 0.97
792 0.278463 0.99
793 0.532146 0.97
794 0.574981 0.97
795 0.374375 0.97
796 0.430047 0.98
797 0.455696 0.97
798 0.308316 0.97
799 0.267285 0.99
800 0.424789 0.96
801 0.637842 0.96
802 0.239163 0.97
803 0.332186 0.98
804 0.405451 0.97
805 0.756401 0.95
806 0.637018 0.96
807 0.542653 0.98
808 0.316793 0.98
809 0.483228 0.97
810 0.649537 0.95
811 0.682712 0.95
812 0.487268 0.98
813 0.532289 0.95
814 0.432411 0.97
815 0.42315 0.96
816 0.362787 0.98
817 0.189803 0.99
818 0.872033 0.93
819 0.472369 0.97
820 0.856468 0.96
821 0.396188 0.99
822 0.411484 0.98
823 0.145339 1.0
824 0.471355 0.98
825 0.222481 1.0
826 0.418935 0.97
827 0.374331 0.98
828 0.298928 0.98
829 0.641701 0.96
830 0.495912 0.96
831 0.573994 0.97
832 0.594973 0.96
833 0.184287 0.99
834 0.314904 0.99
835 0.63196 0.96
836 0.471472 0.97
837 0.592574 0.94
838 0.604457 0.96
839 0.748585 0.93
840 0.393604 0.97
841 0.412357 0.98
842 0.369178 0.98
843 0.408997 0.98
844 0.389897 0.99
845 0.277802 0.99
846 0.338866 0.99
847 0.571761 0.95
848 0.293575 0.99
849 0.685364 0.98
850 0.722354 0.94
851 0.434354 0.98
852 0.471358 0.97
853 0.444071 0.97
854 0.439219 0.97
855 0.254519 0.99
856 0.560151 0.95
857 0.517982 0.95
858 0.598714 0.97
859 0.385444 0.97
860 0.167086 0.99
861 0.224523 0.98
862 0.454148 0.96
863 0.479459 0.97
864 0.466733 0.96
865 0.276249 0.97
866 0.572096 0.95
867 0.553553 0.96
868 0.600767 0.97
869 0.196328 0.99
870 0.582856 0.97
871 0.3314 0.99
872 0.696424 0.93
873 0.495477 0.97
874 0.455448 0.97
875 0.347436 0.97
876 0.574272 0.96
877 0.253452 0.98
878 0.3183 0.99
879 0.395608 0.97
880 0.484954 0.97
881 0.56095 0.96
882 1.10599 0.92
883 0.854603 0.93
884 0.427778 0.97
885 0.409525 0.98
886 0.398708 0.98
887 0.312782 0.98
888 0.522077 0.96
889 0.511495 0.97
890 0.388415 0.97
891 0.824115 0.92
892 0.700737 0.94
893 0.42819 0.96
894 0.291999 0.98
895 0.454981 0.98
896 0.344408 0.98
897 0.735067 0.93
898 0.358304 0.98
899 0.304053 0.97
900 0.354303 0.99
901 0.640756 0.95
902 0.853435 0.96
903 0.245045 0.97
904 0.18731 0.99
905 0.319648 0.98
906 0.256485 0.99
907 0.363805 0.95
908 0.789402 0.94
909 0.208745 1.0
910 0.701056 0.97
911 0.39871 0.97
912 0.646169 0.92
913 0.320054 0.98
914 0.413776 0.98
915 0.519628 0.96
916 0.228054 1.0
917 0.386595 0.97
918 0.457112 0.95
919 0.233731 0.98
920 0.432142 0.98
921 0.521161 0.98
922 0.222377 0.99
923 0.594328 0.98
924 0.310891 0.98
925 0.605135 0.97
926 0.485533 0.95
927 0.439072 0.97
928 0.681154 0.97
929 0.606901 0.95
930 0.27596 0.99
931 0.262606 0.98
932 0.250196 0.98
933 0.286411 0.98
934 0.193222 0.99
935 0.419804 0.95
936 0.356097 0.96
937 0.636544 0.95
938 0.417904 0.97
939 0.23131 1.0
940 0.621787 0.97
941 0.716224 0.94
942 0.630902 0.97
943 0.230145 0.99
944 0.468076 0.95
945 0.358778 0.99
946 0.256724 0.98
947 0.890035 0.94
948 0.600835 0.96
949 0.415049 0.98
950 0.386851 0.98
951 0.317852 0.99
952 0.448427 0.98
953 0.192045 0.99
954 0.395551 0.99
955 0.300762 0.98
956 0.712676 0.93
957 0.37119 0.95
958 0.439846 0.97
959 0.513289 0.96
960 0.36396 0.99
961 0.617433 0.97
962 0.309661 0.98
963 0.510187 0.95
964 0.56875 0.97
965 0.671761 0.98
966 0.344582 0.97
967 0.445468 0.96
968 0.33269 0.96
969 0.570321 0.95
970 0.499932 0.96
971 0.458296 0.97
972 0.312008 0.97
973 0.436673 0.97
974 0.110666 1.0
975 0.1979 1.0
976 0.765731 0.96
977 0.50242 0.98
978 0.357318 0.97
979 0.532125 0.97
980 0.302117 0.97
981 0.426118 0.96
982 0.362825 0.97
983 0.409676 0.98
984 0.318767 0.99
985 0.252111 0.98
986 0.218815 0.99
987 0.430545 0.98
988 0.410867 0.98
989 0.361201 0.97
990 0.273809 0.99
991 0.417064 0.98
992 0.314396 0.98
993 0.256561 0.99
994 0.210807 0.99
995 0.204846 1.0
996 0.758996 0.94
997 0.159051 0.99
998 0.684907 0.95
999 0.319974 0.97
1000 0.565034 0.95
1001 0.0880304 1.0
1002 0.158344 0.99
1003 0.214369 0.99
1004 0.246525 0.99
1005 0.180614 0.99
1006 0.0977359 1.0
1007 0.126484 0.99
1008 0.249612 0.98
1009 0.272195 1.0
1010 0.489884 0.94
1011 0.134941 0.99
1012 0.283831 0.99
1013 0.23626 0.99
1014 0.366211 0.98
1015 0.351416 0.99
1016 0.410794 0.96
1017 0.169209 0.99
1018 0.273645 0.98
1019 0.347456 0.96
1020 0.0552418 1.0
1021 0.410091 0.96
1022 0.882027 0.95
1023 0.384439 0.98
1024 0.289144 0.99
1025 0.487752 0.95
1026 0.406111 0.98
1027 0.181186 0.99
1028 0.182896 0.99
1029 0.29662 0.97
1030 0.361975 0.98
1031 0.168961 0.98
1032 0.157481 0.99
1033 0.133088 0.99
1034 0.180037 0.99
1035 0.424593 0.96
1036 0.102956 1.0
1037 0.29249 0.99
1038 0.363712 0.97
1039 0.186792 1.0
1040 0.229172 0.96
1041 0.319358 0.97
1042 0.143421 1.0
1043 0.510184 0.96
1044 0.395125 0.96
1045 0.212802 0.99
1046 0.476068 0.96
1047 0.183677 0.99
1048 0.138946 0.99
1049 0.119051 1.0
1050 0.143894 0.99
1051 0.290167 0.98
1052 0.18722 0.99
1053 0.55973 0.97
1054 0.126605 1.0
1055 0.173763 0.99
1056 0.145845 1.0
1057 0.347974 0.99
1058 0.164292 0.98
1059 0.453709 0.97
1060 0.227094 0.99
1061 0.325483 0.99
1062 0.218191 0.99
1063 0.377163 0.99
1064 0.134319 0.99
1065 0.100809 1.0
1066 0.285216 0.99
1067 0.136416 1.0
1068 0.261751 0.98
1069 0.107899 0.99
1070 0.176802 0.99
1071 0.0897523 1.0
1072 0.143978 1.0
1073 0.114419 1.0
1074 0.0882597 1.0
1075 0.261264 0.99
1076 0.245257 0.99
1077 0.744956 0.97
1078 0.279224 0.97
1079 0.141668 0.99
1080 0.207787 0.98
1081 0.139274 0.99
1082 0.128569 0.99
1083 0.208581 0.98
1084 0.532447 0.98
1085 0.238999 0.97
1086 0.202146 1.0
1087 0.434097 0.96
1088 0.14277 0.99
1089 0.338778 0.97
1090 0.478389 0.94
1091 0.287549 0.97
1092 0.17436 0.99
1093 0.22527 0.99
1094 0.408236 0.98
1095 0.170784 1.0
1096 0.157051 0.99
1097 0.28671 0.98
1098 0.0499735 1.0
1099 0.423251 0.97
1100 0.135958 0.99
1101 0.108349 1.0
1102 0.360673 0.97
1103 0.537341 0.98
1104 0.268841 0.99
1105 0.259172 0.98
1106 0.454105 0.97
1107 0.247823 0.98
1108 0.067853 1.0
1109 0.316013 0.99
1110 0.641514 0.97
1111 0.0930651 1.0
1112 0.597809 0.96
1113 0.175903 0.98
1114 0.320714 0.98
1115 0.167852 0.99
1116 0.196323 0.98
1117 0.257989 0.98
1118 0.321535 0.98
1119 0.176512 0.99
1120 0.153404 1.0
1121 0.173111 0.99
1122 0.217998 0.99
1123 0.725077 0.94
1124 0.33353 0.97
1125 0.415046 0.95
1126 0.0800468 1.0
1127 0.598202 0.97
1128 0.413913 0.97
1129 0.508435 0.96
1130 0.679823 0.96
1131 0.0599177 1.0
1132 0.210918 0.99
1133 0.262092 0.98
1134 0.37061 0.97
1135 0.458873 0.96
1136 0.230601 1.0
1137 0.369566 0.97
1138 0.367569 0.97
1139 0.222057 0.99
1140 0.141457 0.99
1141 0.229615 0.98
1142 0.225098 0.99
1143 0.329908 0.97
1144 0.277591 0.98
1145 0.431732 0.97
1146 0.240045 0.98
1147 0.31373 0.98
1148 0.0856034 1.0
1149 0.197528 0.98
1150 0.334387 0.99
1151 0.39472 0.98
1152 0.143083 0.99
1153 0.243719 0.99
1154 0.391398 0.98
1155 0.206983 0.99
1156 0.0521958 1.0
1157 0.0757313 1.0
1158 0.0605239 1.0
1159 0.66997 0.97
1160 0.0776717 1.0
1161 0.264684 0.98
1162 0.210469 0.98
1163 0.419775 0.98
1164 0.304548 0.98
1165 0.226065 0.98
1166 0.413588 0.98
1167 0.305322 0.96
1168 0.207243 0.98
1169 0.0807768 0.99
1170 0.53207 0.97
1171 0.168324 1.0
1172 0.100244 1.0
1173 0.274862 0.99
1174 0.166304 1.0
1175 0.419284 0.96
1176 0.224276 0.98
1177 0.0533586 1.0
1178 0.136437 0.99
1179 0.399429 0.97
1180 0.0973877 1.0
1181 0.223755 0.99
1182 0.399078 0.97
1183 0.307699 0.99
1184 0.19051 0.98
1185 0.233491 0.97
1186 0.134586 1.0
1187 0.127264 0.99
1188 0.319997 0.97
1189 0.166938 0.99
1190 0.19424 0.98
1191 0.379739 0.97
1192 0.203206 0.99
1193 0.205048 0.98
1194 0.279882 0.99
1195 0.308962 0.99
1196 0.0896045 1.0
1197 0.259575 0.98
1198 0.128721 1.0
1199 0.10046 1.0
1200 0.166022 0.98
1201 0.270167 0.99
1202 0.155813 0.99
1203 0.178141 0.99
1204 0.113535 1.0
1205 0.237157 0.99
1206 0.0670526 1.0
1207 0.119281 0.99
1208 0.14245 0.99
1209 0.240286 0.98
1210 0.124258 0.99
1211 0.236628 0.98
1212 0.118787 1.0
1213 0.282536 0.98
1214 0.30633 0.98
1215 0.203279 0.99
1216 0.38239 0.97
1217 0.252571 0.99
1218 0.0577118 1.0
1219 0.14161 0.99
1220 0.0678479 1.0
1221 0.245483 0.99
1222 0.195749 0.99
1223 0.124541 0.99
1224 0.512819 0.99
1225 0.177631 0.99
1226 0.228352 0.98
1227 0.139573 0.98
1228 0.0702377 1.0
1229 0.294399 0.98
1230 0.479504 0.97
1231 0.29187 0.97
1232 0.248763 0.99
1233 0.130428 0.99
1234 0.0757884 1.0
1235 0.237204 0.98
1236 0.113766 1.0
1237 0.0726456 1.0
1238 0.0822452 1.0
1239 0.102672 0.99
1240 0.43832 0.99
1241 0.0775114 1.0
1242 0.157312 0.98
1243 0.152163 0.99
1244 0.0548309 1.0
1245 0.393637 0.99
1246 0.246605 0.98
1247 0.155631 0.99
1248 0.30364 0.97
1249 0.439851 0.95
1250 0.0432298 1.0
1251 0.147476 1.0
1252 0.140079 0.99
1253 0.216179 0.99
1254 0.0762585 1.0
1255 0.199893 0.99
1256 0.297098 0.98
1257 0.120782 0.99
1258 0.188814 0.99
1259 0.217607 0.99
1260 0.155736 1.0
1261 0.264661 0.97
1262 0.155249 1.0
1263 0.190919 0.99
1264 0.481702 0.97
1265 0.385153 0.98
1266 0.492159 0.97
1267 1.03255 0.96
1268 0.120174 0.98
1269 0.152913 0.99
1270 0.36849 0.98
1271 0.294817 0.99
1272 0.328727 0.97
1273 0.468256 0.97
1274 0.105864 1.0
1275 0.407201 0.98
1276 0.31891 0.98
1277 0.278016 1.0
1278 0.266636 0.99
1279 0.206173 0.99
1280 0.127368 0.99
1281 0.40729 0.96
1282 0.229879 1.0
1283 0.201613 0.99
1284 0.450326 0.96
1285 0.179602 1.0
1286 0.0749113 1.0
1287 0.430205 0.98
1288 0.132558 1.0
1289 0.310461 0.98
1290 0.293109 0.98
1291 0.149428 0.99
1292 0.0571927 1.0
1293 0.0922697 0.99
1294 0.16732 0.99
1295 0.0590114 1.0
1296 0.0692615 1.0
1297 0.324284 0.98
1298 0.0577689 1.0
1299 0.135005 1.0
1300 0.170008 0.99
1301 0.334482 0.98
1302 0.122144 0.99
1303 0.232376 0.98
1304 0.149703 0.99
1305 0.300582 0.98
1306 0.305863 0.97
1307 0.127363 0.99
1308 0.181646 0.98
1309 0.173551 0.99
1310 0.178285 0.99
1311 0.237247 1.0
1312 0.24364 0.98
1313 0.209624 0.99
1314 0.177986 1.0
1315 0.163127 0.98
1316 0.0221 1.0
1317 0.0293333 1.0
1318 0.323638 0.98
1319 0.158058 0.99
1320 0.292948 0.98
1321 0.110104 0.99
1322 0.115594 1.0
1323 0.134973 0.99
1324 0.128884 0.98
1325 0.139725 0.99
1326 0.148304 0.99
1327 0.167691 0.98
1328 0.170697 0.99
1329 0.385695 0.98
1330 0.0421483 1.0
1331 0.0366536 1.0
1332 0.305889 0.98
1333 0.0316601 1.0
1334 0.0870905 1.0
1335 0.264819 0.97
1336 0.163416 0.99
1337 0.306182 0.98
1338 0.254197 0.98
1339 0.334485 0.98
1340 0.215603 0.99
1341 0.396384 0.98
1342 0.2433 0.98
1343 0.0634423 1.0
1344 0.301761 0.98
1345 0.183102 0.99
1346 0.11908 1.0
1347 0.412464 0.97
1348 0.210813 0.99
1349 0.407824 0.98
1350 0.303529 0.98
1351 0.0987745 1.0
