1 44.3697 0.07
2 89.0133 0.26
3 80.2344 0.23
4 93.3941 0.3
5 59.5907 0.43
6 43.337 0.42
7 27.1537 0.58
8 24.3545 0.64
9 16.1863 0.58
10 13.5776 0.47
11 7.10711 0.62
12 4.93255 0.73
13 6.21881 0.6
14 4.19365 0.74
15 4.87796 0.69
16 4.88892 0.7
17 3.43126 0.76
18 3.42139 0.77
19 3.69151 0.74
20 3.83787 0.71
21 3.68838 0.79
22 1.83008 0.9
23 2.76817 0.85
24 2.53933 0.84
25 2.73983 0.8
26 2.06489 0.85
27 2.29692 0.84
28 3.19928 0.78
29 2.76364 0.81
30 2.24129 0.87
31 2.23695 0.85
32 2.10159 0.84
33 2.71712 0.81
34 2.00471 0.83
35 1.71214 0.93
36 2.1408 0.87
37 2.19224 0.88
38 2.02394 0.88
39 1.44327 0.92
40 2.13159 0.85
41 2.02687 0.87
42 2.68326 0.84
43 1.66135 0.86
44 1.57385 0.86
45 1.44866 0.9
46 1.36051 0.94
47 2.32516 0.83
48 1.81693 0.9
49 1.79037 0.89
50 1.87539 0.89
51 1.62986 0.88
52 2.4371 0.87
53 1.66678 0.9
54 1.73508 0.88
55 0.864988 0.94
56 1.29601 0.92
57 1.37382 0.91
58 2.05006 0.87
59 2.11989 0.89
60 1.30022 0.92
61 1.25194 0.92
62 1.3592 0.93
63 1.17645 0.92
64 1.36747 0.92
65 1.44564 0.91
66 0.972803 0.94
67 1.21893 0.9
68 0.524901 0.98
69 1.90991 0.84
70 1.2376 0.85
71 1.81736 0.89
72 1.62276 0.91
73 2.41407 0.83
74 1.41648 0.9
75 1.09554 0.94
76 1.27328 0.94
77 1.51091 0.91
78 1.43242 0.89
79 1.30058 0.92
80 1.44398 0.91
81 1.4676 0.91
82 1.92473 0.87
83 2.21756 0.88
84 0.965414 0.92
85 1.80163 0.91
86 1.16023 0.91
87 2.06342 0.88
88 2.15588 0.87
89 1.77676 0.84
90 1.38557 0.9
91 0.7413 0.97
92 1.1942 0.94
93 1.07886 0.93
94 1.0618 0.94
95 1.8617 0.9
96 1.53011 0.86
97 1.42976 0.91
98 1.39415 0.92
99 0.541752 0.97
100 0.645563 0.96
101 1.16776 0.92
102 1.65767 0.87
103 1.9638 0.84
104 0.840659 0.92
105 1.01517 0.91
106 1.00018 0.93
107 0.838271 0.97
108 1.59772 0.87
109 1.00989 0.93
110 1.53347 0.89
111 1.12319 0.94
112 1.30154 0.92
113 1.05141 0.92
114 0.839344 0.94
115 0.47448 0.99
116 2.63411 0.83
117 1.63509 0.89
118 1.70513 0.86
119 0.858984 0.94
120 0.721107 0.94
121 0.742157 0.94
122 0.839289 0.95
123 1.30285 0.89
124 1.53731 0.91
125 1.0727 0.92
126 1.81225 0.86
127 1.93914 0.86
128 0.864219 0.94
129 0.862447 0.93
130 1.24941 0.92
131 1.80511 0.88
132 1.4989 0.88
133 0.714736 0.94
134 1.07379 0.91
135 0.660496 0.96
136 0.868932 0.94
137 0.845169 0.94
138 1.37316 0.9
139 1.14848 0.9
140 1.64553 0.87
141 1.0399 0.93
142 0.999933 0.91
143 1.27456 0.91
144 1.22079 0.87
145 0.558426 0.94
146 0.810651 0.93
147 0.938257 0.92
148 1.98912 0.86
149 1.13808 0.89
150 0.800027 0.93
151 0.598472 0.94
152 1.42646 0.91
153 0.848207 0.95
154 0.874195 0.93
155 1.01024 0.94
156 0.539684 0.97
157 0.430494 0.98
158 1.43026 0.92
159 1.04049 0.93
160 1.86926 0.91
161 1.17568 0.91
162 0.67686 0.97
163 0.648825 0.94
164 0.946877 0.94
165 0.744645 0.96
166 0.635139 0.96
167 0.726576 0.96
168 1.01304 0.92
169 0.701971 0.96
170 0.887519 0.93
171 0.90001 0.94
172 0.650273 0.95
173 1.2104 0.9
174 0.371237 0.98
175 0.969008 0.93
176 1.31233 0.93
177 0.908318 0.92
178 1.09394 0.92
179 1.13068 0.94
180 0.657867 0.96
181 0.721119 0.96
182 0.34524 0.99
183 0.320428 0.98
184 0.771248 0.97
185 0.940177 0.92
186 0.834576 0.93
187 0.509785 0.95
188 0.518582 0.98
189 0.406932 0.95
190 0.299099 0.99
191 0.823499 0.98
192 0.923693 0.94
193 0.87436 0.96
194 1.38178 0.86
195 0.543463 0.92
196 0.745584 0.93
197 0.365353 0.98
198 0.436043 0.97
199 0.731723 0.96
200 0.613555 0.94
201 1.03194 0.92
202 1.21179 0.91
203 0.655958 0.95
204 0.664927 0.96
205 0.206742 1.0
206 0.742656 0.95
207 0.753927 0.95
208 0.880689 0.91
209 0.793389 0.94
210 1.33689 0.91
211 0.798671 0.94
212 0.764304 0.94
213 0.649425 0.93
214 1.05084 0.96
215 0.856933 0.94
216 0.721074 0.95
217 0.324573 0.99
218 0.52826 0.97
219 0.561699 0.98
220 0.669929 0.95
221 0.530227 0.97
222 0.848981 0.91
223 0.652605 0.96
224 0.486416 0.98
225 0.773883 0.94
226 0.868286 0.93
227 0.764291 0.94
228 0.880517 0.94
229 0.433758 0.99
230 0.151614 0.99
231 0.79952 0.96
232 0.741451 0.96
233 0.320252 0.99
234 0.499675 0.96
235 0.424323 0.98
236 0.48339 0.97
237 0.648542 0.93
238 0.880655 0.93
239 0.773291 0.95
240 0.784285 0.96
241 0.506222 0.97
242 0.559307 0.97
243 1.2214 0.92
244 0.26519 0.99
245 0.452332 0.98
246 0.926248 0.95
247 0.833082 0.93
248 0.85377 0.95
249 0.478471 0.96
250 0.444376 0.98
251 0.498685 0.97
252 0.62191 0.97
253 0.845213 0.94
254 0.590081 0.96
255 0.355567 0.99
256 0.649678 0.98
257 0.681404 0.97
258 0.410816 0.98
259 0.823799 0.95
260 0.49173 0.95
261 0.366325 0.98
262 0.181551 1.0
263 0.421501 0.97
264 0.829326 0.94
265 0.855265 0.94
266 0.699815 0.94
267 1.06839 0.93
268 0.912069 0.93
269 1.28633 0.94
270 0.107036 0.99
271 0.442477 0.97
272 1.37844 0.94
273 0.731778 0.96
274 0.213619 0.99
275 0.541526 0.95
276 0.50564 0.98
277 0.55069 0.95
278 0.381316 0.97
279 0.612904 0.97
280 0.237354 0.99
281 0.296462 0.98
282 0.762365 0.92
283 0.333139 0.99
284 0.722197 0.93
285 0.743654 0.95
286 0.470127 0.98
287 1.40144 0.89
288 0.992794 0.93
289 0.434945 0.96
290 0.388903 0.97
291 0.492153 0.97
292 0.520848 0.95
293 0.615964 0.95
294 0.906154 0.93
295 0.591785 0.99
296 0.564736 0.96
297 0.399775 0.98
298 0.738899 0.95
299 0.574003 0.96
300 1.02892 0.91
301 0.526064 0.96
302 0.840681 0.93
303 0.250862 0.99
304 0.52338 0.96
305 0.858899 0.95
306 0.701922 0.93
307 0.661859 0.97
308 0.394329 0.97
309 0.702799 0.96
310 0.735823 0.94
311 0.402266 0.98
312 0.955349 0.95
313 0.761613 0.96
314 1.23856 0.9
315 0.649867 0.93
316 0.600084 0.96
317 0.677344 0.96
318 1.23322 0.92
319 0.411906 0.98
320 0.554173 0.96
321 0.505705 0.97
322 0.500033 0.96
323 0.594267 0.93
324 0.771601 0.95
325 0.750063 0.95
326 0.447854 0.97
327 0.165378 1.0
328 0.774436 0.96
329 0.76407 0.96
330 0.30808 0.99
331 0.508693 0.98
332 0.459191 0.97
333 0.4612 0.96
334 0.573463 0.97
335 0.393313 0.97
336 0.2904 0.98
337 0.26557 0.98
338 0.480942 0.98
339 0.2675 0.97
340 0.182794 0.99
341 0.368378 0.98
342 0.172821 0.99
343 0.198732 0.98
344 0.351406 0.98
345 0.798161 0.95
346 0.786336 0.95
347 0.784783 0.95
348 0.516517 0.95
349 0.74354 0.94
350 0.487893 0.96
351 0.275752 0.98
352 0.435607 0.97
353 0.822835 0.96
354 0.146918 1.0
355 1.12932 0.95
356 0.219183 0.98
357 0.716201 0.96
358 0.2226 0.98
359 0.632257 0.96
360 0.412419 0.96
361 0.630632 0.97
362 0.640073 0.94
363 0.30276 0.98
364 0.324561 0.99
365 0.788936 0.95
366 0.347134 0.98
367 0.373592 0.96
368 0.739783 0.94
369 0.757087 0.93
370 0.314926 0.96
371 0.692041 0.95
372 0.449906 0.96
373 0.686934 0.95
374 0.835594 0.92
375 1.1858 0.93
376 0.763652 0.93
377 0.466077 0.96
378 0.688383 0.95
379 0.483341 0.98
380 0.555313 0.95
381 0.459604 0.97
382 0.365869 0.98
383 0.277086 0.97
384 0.653876 0.93
385 0.392182 0.97
386 0.597711 0.95
387 0.694504 0.96
388 0.810172 0.95
389 0.218959 0.98
390 0.442385 0.95
391 0.317928 0.99
392 0.678267 0.97
393 0.481968 0.97
394 1.1985 0.91
395 0.965092 0.91
396 0.611302 0.96
397 0.858171 0.94
398 0.423878 0.97
399 0.692251 0.92
400 1.03552 0.91
401 0.686089 0.94
402 0.413385 0.99
403 0.567684 0.94
404 0.652252 0.95
405 0.443575 0.98
406 0.487136 0.95
407 0.354345 0.96
408 0.658563 0.96
409 0.34887 0.97
410 0.36292 0.97
411 0.250267 0.99
412 0.433734 0.99
413 0.97726 0.94
414 0.634521 0.97
415 0.705763 0.94
416 0.449228 0.98
417 0.43662 0.98
418 0.350097 0.98
419 0.377911 0.98
420 0.419959 0.98
421 0.697235 0.94
422 0.57772 0.96
423 0.482249 0.94
424 0.614741 0.96
425 0.732432 0.94
426 0.949107 0.94
427 0.649481 0.93
428 0.400124 0.97
429 0.804914 0.95
430 1.1193 0.93
431 0.332632 0.99
432 0.468366 0.98
433 0.271781 0.99
434 0.182474 0.99
435 0.263183 0.98
436 0.408079 0.98
437 0.740207 0.95
438 0.363783 0.96
439 0.717167 0.93
440 0.520627 0.96
441 0.44223 0.95
442 0.356736 0.98
443 0.634814 0.96
444 0.620874 0.95
445 0.528496 0.96
446 0.302556 0.98
447 0.237713 0.98
448 0.371732 0.96
449 0.692774 0.94
450 0.525698 0.97
451 0.655015 0.94
452 0.640991 0.96
453 0.423521 0.96
454 0.550114 0.93
455 0.967237 0.89
456 0.518541 0.96
457 0.670416 0.93
458 0.324893 0.97
459 0.481709 0.95
460 0.504971 0.93
461 0.435573 0.97
462 0.534556 0.97
463 1.20577 0.9
464 0.645041 0.95
465 0.599921 0.95
466 0.316761 0.98
467 0.283798 0.98
468 0.620275 0.96
469 0.639705 0.95
470 0.319136 0.97
471 0.758184 0.93
472 0.504485 0.97
473 0.967298 0.9
474 0.676603 0.96
475 0.744115 0.94
476 0.366978 0.97
477 0.743646 0.98
478 0.368869 0.98
479 0.462316 0.98
480 0.415817 0.97
481 0.511608 0.95
482 0.246365 0.98
483 0.556076 0.96
484 0.497317 0.94
485 0.163131 1.0
486 0.265606 0.99
487 0.417953 0.96
488 0.132869 0.99
489 0.23378 0.99
490 1.4561 0.89
491 1.12432 0.91
492 0.331595 0.97
493 0.711045 0.95
494 0.175023 0.99
495 0.778117 0.94
496 1.01706 0.92
497 0.488291 0.95
498 0.19365 0.99
499 0.592448 0.95
500 0.629554 0.95
501 0.65484 0.97
502 0.300989 0.97
503 0.413888 0.96
504 0.420202 0.96
505 0.767989 0.96
506 0.368551 0.97
507 0.365909 0.99
508 0.225835 0.99
509 0.276015 0.98
510 0.675373 0.95
511 0.272336 0.96
512 0.350803 0.96
513 0.451392 0.97
514 0.235384 0.98
515 0.35152 0.97
516 0.33739 0.97
517 0.287996 1.0
518 0.212422 0.99
519 0.444346 0.96
520 0.273168 0.95
521 0.475231 0.94
522 0.112336 0.99
523 0.404283 0.96
524 0.603517 0.93
525 0.609185 0.94
526 0.237681 0.99
527 0.354729 0.97
528 0.542405 0.96
529 0.189302 0.98
530 0.504693 0.97
531 0.142133 0.99
532 0.375052 0.96
533 0.281127 0.98
534 0.270946 0.98
535 0.127659 1.0
536 0.192487 0.98
537 0.300543 0.98
538 0.167598 0.99
539 0.422928 0.97
540 0.369717 0.96
541 0.103818 1.0
542 0.0801826 0.99
543 0.75864 0.96
544 0.272289 0.97
545 0.184163 0.99
546 0.416089 0.97
547 0.356605 0.98
548 0.232754 0.98
549 0.211583 0.98
550 0.0757788 1.0
551 0.125102 0.99
552 0.355926 0.98
553 0.345605 0.97
554 0.702356 0.96
555 0.291104 0.98
556 0.247532 0.98
557 0.0781262 1.0
558 0.232307 0.98
559 0.10357 0.99
560 0.460303 0.96
561 0.446788 0.96
562 0.353748 0.96
563 0.397162 0.96
564 0.282359 0.98
565 0.306055 0.98
566 0.089062 0.99
567 0.433449 0.96
568 0.161277 0.98
569 0.547475 0.97
570 0.38468 0.97
571 0.479822 0.98
572 0.546195 0.96
573 0.788344 0.97
574 0.422542 0.95
575 0.344609 0.96
576 0.242353 0.99
577 0.20659 0.99
578 0.260205 0.97
579 0.384931 0.97
580 0.374159 0.98
581 0.514094 0.96
582 0.310443 0.97
583 0.267656 0.95
584 0.453477 0.95
585 1.00018 0.92
586 0.663054 0.94
587 0.345882 0.96
588 0.324854 0.97
589 0.18401 0.99
590 0.194241 0.98
591 0.490996 0.95
592 0.206164 0.97
593 0.481562 0.96
594 0.595942 0.96
595 0.288144 0.98
596 0.220454 0.99
597 0.238909 0.99
598 1.18765 0.94
599 0.350285 0.95
600 0.214749 0.99
601 0.108369 0.99
602 0.398777 0.97
603 0.241406 0.98
604 0.242226 1.0
605 1.10992 0.92
606 0.694732 0.95
607 0.175652 0.99
608 0.47254 0.96
609 0.484666 0.95
610 0.661745 0.96
611 0.346113 0.98
612 0.521813 0.97
613 0.409376 0.97
614 0.394631 0.97
615 0.748467 0.94
616 0.527407 0.97
617 0.152884 0.99
618 0.2167 0.98
619 0.149456 0.99
620 0.439674 0.96
621 0.354815 0.96
622 0.361685 0.96
623 0.243408 0.99
624 0.431917 0.97
625 0.320657 0.97
626 0.370825 0.98
627 0.824103 0.92
628 0.245225 0.98
629 0.134767 0.99
630 0.334685 0.96
631 0.165447 0.99
632 0.112784 1.0
633 0.193137 0.99
634 0.217214 0.98
635 0.863226 0.96
636 0.572905 0.97
637 0.333587 0.98
638 0.238757 0.97
639 0.487028 0.96
640 0.166832 0.99
641 0.414746 0.97
642 0.449061 0.98
643 0.213252 0.97
644 0.121009 0.99
645 0.438799 0.97
646 0.185452 1.0
647 0.489363 0.96
648 0.15248 0.99
649 0.472549 0.97
650 0.201064 0.98
651 0.384724 0.95
652 0.42454 0.96
653 0.569939 0.93
654 0.619519 0.95
655 0.283398 0.95
656 0.169367 0.99
657 0.321213 0.98
658 0.273051 0.98
659 0.460687 0.97
660 0.503967 0.96
661 0.352249 0.95
662 0.522589 0.94
663 0.366573 0.97
664 0.49498 0.95
665 0.648535 0.96
666 0.582416 0.98
667 0.264724 0.97
668 0.281936 0.98
669 0.109069 1.0
670 0.100075 1.0
671 0.400366 0.97
672 0.711432 0.94
673 0.264712 0.98
674 0.196788 0.99
675 0.180798 0.98
676 0.122693 1.0
677 0.266881 0.97
678 0.175277 0.98
679 0.233496 0.99
680 0.53083 0.96
681 0.148573 0.99
682 0.218781 1.0
683 0.26709 0.98
684 0.278163 0.97
685 0.236892 0.98
686 0.450889 0.97
687 0.198105 0.98
688 0.748354 0.96
689 0.688163 0.94
690 0.242585 0.98
691 0.285178 0.99
692 0.346113 0.97
693 0.16801 1.0
694 0.473238 0.97
695 0.573209 0.96
696 0.639683 0.95
697 0.455693 0.97
698 0.384332 0.97
699 0.138721 1.0
700 0.177473 0.99
701 0.372152 0.95
702 0.326012 0.99
703 0.181845 0.99
704 0.149415 1.0
705 0.386913 0.98
706 0.522121 0.95
707 0.2755 0.97
708 0.25328 0.96
709 0.129285 1.0
710 0.237884 0.97
711 0.717404 0.96
712 0.193317 0.98
713 0.150157 0.99
714 0.250493 0.98
715 0.289989 0.97
716 0.18318 0.99
717 0.355022 0.99
718 0.255892 0.98
719 0.175768 0.98
720 0.572816 0.97
721 0.210688 0.97
722 0.162046 0.99
723 0.380437 0.96
724 0.747342 0.96
725 0.627908 0.94
726 0.373667 0.98
727 0.548181 0.96
728 0.195449 0.99
729 0.33573 0.96
730 0.256045 0.98
731 0.0851424 0.99
732 0.0919032 0.99
733 0.221401 0.97
734 0.17785 0.99
735 0.270821 0.99
736 0.469765 0.97
737 0.495085 0.97
738 0.197652 0.99
739 0.655942 0.98
740 0.319603 0.97
741 0.283044 0.97
742 0.268443 0.97
743 0.241638 0.99
744 0.897274 0.94
745 0.175295 0.99
746 0.344118 0.97
747 0.415253 0.97
748 0.32837 0.98
749 0.354459 0.98
750 0.335967 0.98
751 0.340509 0.98
752 0.772535 0.96
753 0.275902 0.99
754 0.519499 0.96
755 0.68667 0.96
756 0.127443 0.99
757 0.775725 0.95
758 0.240618 0.99
759 0.210012 0.99
760 0.290228 0.98
761 0.162541 0.99
762 0.143556 0.99
763 0.232158 0.99
764 0.425782 0.97
765 0.134523 0.99
766 0.404327 0.99
767 0.695508 0.96
768 0.308632 0.96
769 0.0823107 1.0
770 0.650201 0.96
771 0.205875 0.98
772 0.26829 0.98
773 0.215696 0.99
774 0.34227 0.97
775 0.161992 0.99
776 0.450568 0.95
777 0.255406 0.99
778 0.262325 0.98
779 0.312165 0.97
780 0.150541 0.99
781 0.107682 1.0
782 0.219098 0.99
783 0.780998 0.93
784 0.264366 0.97
785 0.739493 0.95
786 0.431235 0.98
787 0.0895199 1.0
788 0.299627 0.99
789 0.241816 0.97
790 0.502136 0.93
791 0.338273 0.96
792 0.304542 0.98
793 0.373981 0.96
794 0.216853 0.98
795 0.379008 0.97
796 0.25726 0.97
797 0.281634 0.97
798 0.190833 0.99
799 0.309351 0.99
800 0.197268 0.99
801 0.0601785 0.99
802 0.371678 0.99
803 0.216536 0.99
804 0.22916 0.98
805 0.212012 0.98
806 0.485264 0.98
807 0.276405 0.97
808 0.692153 0.94
809 0.0687197 1.0
810 0.102196 1.0
811 0.0989088 0.99
812 0.518335 0.95
813 0.207643 0.99
814 0.124806 0.99
815 0.293397 0.97
816 0.162332 0.98
817 0.210757 0.98
818 0.384731 0.96
819 0.204098 0.99
820 0.113428 1.0
821 0.451723 0.95
822 0.313742 0.97
823 0.158302 0.99
824 0.239448 0.98
825 0.340818 0.97
826 0.196101 0.99
827 0.26211 0.98
828 0.133884 0.99
829 0.12072 1.0
830 0.555546 0.98
831 0.364551 0.96
832 0.0725204 1.0
833 0.515027 0.96
834 0.225189 0.98
835 0.244451 0.97
836 0.206568 0.99
837 0.215927 0.98
838 0.37536 0.99
839 0.29379 0.98
840 0.265741 0.98
841 0.268556 0.98
842 0.251627 0.98
843 0.327494 0.96
844 0.126395 1.0
845 0.399746 0.97
846 0.154055 0.98
847 0.187429 0.97
848 0.176642 0.99
849 0.219245 0.98
850 0.205373 0.98
851 0.19206 0.97
852 0.356546 0.97
853 0.141745 0.99
854 0.427867 0.97
855 0.204149 0.99
856 0.177724 0.99
857 0.145283 0.99
858 0.460412 0.97
859 0.157632 0.99
860 0.434118 0.96
861 0.276886 0.98
862 0.190022 0.98
863 0.211064 0.99
864 0.182776 0.98
865 0.105357 1.0
866 0.206215 0.98
867 0.120734 0.99
868 0.253287 0.98
869 0.149941 0.99
870 0.12551 0.99
871 0.17096 0.99
872 0.213215 0.98
873 0.099379 0.99
874 0.205772 0.97
875 0.43345 0.97
876 0.0985054 1.0
877 0.284434 0.99
878 0.489706 0.97
879 0.161019 0.99
880 0.148271 0.98
881 0.236703 0.98
882 0.123289 0.99
883 0.134382 0.99
884 0.227493 0.98
885 0.12437 1.0
886 0.469729 0.97
887 0.0413973 1.0
888 0.505236 0.96
889 0.148722 0.99
890 0.13429 0.99
891 0.178407 0.98
892 0.30237 0.97
893 0.200741 0.99
894 0.312558 0.97
895 0.406736 0.98
896 0.187683 0.99
897 0.151875 0.99
898 0.0766334 1.0
899 0.169566 0.98
900 0.544682 0.97
901 0.588102 0.91
902 0.789187 0.92
903 0.155304 0.98
904 0.205346 0.97
905 0.12415 0.99
906 0.0769062 0.99
907 0.380273 0.98
908 0.397237 0.97
909 0.214754 0.97
910 0.195094 0.99
911 0.271488 0.98
912 0.335767 0.96
913 0.295102 0.95
914 0.339138 0.98
915 0.349232 0.97
916 0.121884 1.0
917 0.20105 0.98
918 0.280144 0.98
919 0.443793 0.97
920 0.674379 0.97
921 0.137278 0.99
922 0.103039 0.99
923 1.11033 0.95
924 0.33625 0.98
925 0.102275 0.99
926 0.626519 0.97
927 0.118706 0.99
928 0.171582 0.99
929 0.183946 0.98
930 0.410689 0.97
931 0.379972 0.97
932 0.0763862 1.0
933 0.457935 0.98
934 0.298982 0.98
935 0.351234 0.98
936 0.258183 0.98
937 0.821346 0.96
938 0.184585 0.97
939 0.604939 0.96
940 0.498366 0.96
941 0.170107 0.99
942 0.198933 0.99
943 0.548067 0.96
944 0.0993194 1.0
945 0.184485 0.99
946 0.140464 0.98
947 0.310403 0.98
948 0.210803 0.99
949 0.145182 0.99
950 0.332925 0.98
951 0.210163 0.99
952 0.252548 0.98
953 0.263272 0.98
954 0.409595 0.98
955 0.270207 0.97
956 0.155528 0.98
957 0.0898425 1.0
958 0.289289 0.98
959 0.0931045 1.0
960 0.320404 0.97
961 0.184465 0.99
962 0.333001 0.98
963 0.33402 0.98
964 0.116398 1.0
965 0.294343 0.97
966 0.530281 0.96
967 0.216233 0.99
968 0.219503 0.98
969 0.238999 0.98
970 0.0786134 0.99
971 0.203134 0.98
972 0.0827163 1.0
973 0.644464 0.97
974 0.102514 1.0
975 0.127588 0.99
976 0.115933 0.98
977 0.582797 0.95
978 0.542145 0.96
979 0.0880671 0.99
980 0.0922318 1.0
981 0.221828 0.98
982 0.261976 0.96
983 0.201599 0.99
984 0.286861 0.98
985 0.250862 0.98
986 0.229272 0.98
987 0.189567 0.99
988 0.034033 1.0
989 0.431462 0.98
990 0.318231 0.97
991 0.239207 0.98
992 0.463083 0.97
993 0.226151 0.98
994 0.570532 0.97
995 0.415716 0.99
996 0.246391 0.98
997 0.150633 0.99
998 0.444035 0.98
999 0.198763 0.99
1000 0.2599 0.97
1001 0.144088 1.0
1002 0.180957 0.99
1003 0.333815 0.99
1004 0.129796 0.99
1005 0.268342 0.97
1006 0.456344 0.96
1007 0.191212 0.98
1008 0.247214 0.98
1009 0.139009 0.99
1010 0.25099 0.96
1011 0.241941 0.97
1012 0.223134 0.99
1013 0.24483 0.98
1014 0.17965 0.99
1015 0.177949 0.99
1016 0.27503 0.97
1017 0.353754 0.98
1018 0.203737 0.98
1019 0.277248 0.98
1020 0.496515 0.96
1021 0.078598 1.0
1022 0.214785 0.98
1023 0.203874 0.96
1024 0.162996 0.98
1025 0.0798395 0.99
1026 0.13804 0.99
1027 0.0461328 1.0
1028 0.161377 1.0
1029 0.321094 0.97
1030 0.302622 0.98
1031 0.163375 0.99
1032 0.136362 1.0
1033 0.226239 0.99
1034 0.09262 1.0
1035 0.130455 0.99
1036 0.447886 0.98
1037 0.303296 0.99
1038 0.164202 0.98
1039 0.279222 0.98
1040 0.128873 0.99
1041 0.0287472 1.0
1042 0.315131 0.98
1043 0.311668 0.98
1044 0.166152 0.99
1045 0.0889777 1.0
1046 0.0976068 1.0
1047 0.136346 0.99
1048 0.380251 0.97
1049 0.316051 0.97
1050 0.305447 0.97
1051 0.143 0.99
1052 0.369137 0.97
1053 0.456725 0.96
1054 0.122024 0.99
1055 0.18528 0.98
1056 0.464552 0.97
1057 0.36333 0.99
1058 0.358171 0.98
1059 0.242213 0.96
1060 0.102918 0.99
1061 0.223324 0.98
1062 0.38039 0.97
1063 0.283137 0.98
1064 0.514314 0.97
1065 0.283289 0.97
1066 0.15685 0.99
1067 0.292237 0.98
1068 0.136922 0.99
1069 0.422547 0.97
1070 0.151875 0.99
1071 0.378099 0.96
1072 0.0926668 1.0
1073 0.282659 0.98
1074 0.457417 0.97
1075 0.288384 0.96
1076 0.0782806 1.0
1077 0.237052 0.97
1078 0.0957569 1.0
1079 0.160719 0.99
1080 0.134402 1.0
1081 0.103954 0.99
1082 0.0772595 1.0
1083 0.472212 0.97
1084 0.119357 1.0
1085 0.115638 0.99
1086 0.109132 1.0
1087 0.245856 0.97
1088 0.201892 0.99
1089 0.172648 0.98
1090 0.209637 0.98
1091 0.180094 0.97
1092 0.0219144 1.0
1093 0.20369 0.99
1094 0.0992847 1.0
1095 0.232518 0.99
1096 0.356419 0.98
1097 0.0676994 1.0
1098 0.160114 0.99
1099 0.25893 0.97
1100 0.175307 0.99
1101 0.302286 0.97
1102 0.172603 0.98
1103 0.268347 0.98
1104 0.137161 0.99
1105 0.07434 1.0
1106 0.686311 0.95
1107 0.291988 0.97
1108 0.143626 0.98
1109 0.213833 0.99
1110 0.222882 0.99
1111 0.544285 0.98
1112 0.23895 0.98
1113 0.328927 0.97
1114 0.161426 0.99
1115 0.22986 0.99
1116 0.243491 0.98
1117 0.0823234 0.99
1118 0.332506 0.97
1119 0.363834 0.97
1120 0.167729 0.99
1121 0.435366 0.98
1122 0.216325 0.98
1123 0.259047 0.98
1124 0.163366 1.0
1125 0.137574 0.98
1126 0.590666 0.96
1127 0.330457 0.98
1128 0.236967 0.99
1129 0.208851 0.99
1130 0.783277 0.96
1131 0.0531111 1.0
1132 0.477448 0.96
1133 0.131509 1.0
1134 0.0394353 1.0
1135 0.174459 0.99
1136 0.103416 1.0
1137 0.187616 0.98
1138 0.334396 0.97
1139 0.143302 1.0
1140 0.205044 0.99
1141 0.059691 1.0
1142 0.0580948 1.0
1143 0.150417 0.99
1144 0.163702 0.98
1145 0.38281 0.97
1146 0.2148 0.98
1147 0.442644 0.96
1148 0.106119 0.99
1149 0.0838063 0.99
1150 0.130371 1.0
1151 0.237787 0.99
1152 0.0706126 1.0
1153 0.240695 0.98
1154 0.169954 0.99
1155 0.188695 0.99
1156 0.245118 0.98
1157 0.11376 1.0
1158 0.1586 0.99
1159 0.151676 0.99
1160 0.440207 0.96
1161 0.124461 0.99
1162 0.267299 0.99
1163 0.327614 0.98
1164 0.356172 0.95
1165 0.208092 0.99
1166 0.230744 0.99
1167 0.143737 0.99
1168 0.0921244 1.0
1169 0.223137 0.98
1170 0.292973 0.98
1171 0.0781858 1.0
1172 0.14354 1.0
1173 0.107502 0.99
1174 0.167662 1.0
1175 0.136222 0.99
1176 0.221947 0.97
1177 0.293941 0.97
1178 0.511164 0.97
1179 0.148539 0.98
1180 0.128708 0.99
1181 0.173969 0.99
1182 0.0409339 1.0
1183 0.101721 1.0
1184 0.128448 1.0
1185 0.399231 0.96
1186 0.0529817 1.0
1187 0.0591407 1.0
1188 0.220648 0.98
1189 0.126696 1.0
1190 0.285725 0.98
1191 0.22834 0.99
1192 0.103138 0.98
1193 0.221671 0.99
1194 0.221941 0.98
1195 0.238566 0.97
1196 0.28349 0.98
1197 0.0829873 1.0
1198 0.0557376 1.0
1199 0.281375 0.96
1200 0.430186 0.96
1201 0.132832 0.99
1202 0.0971623 1.0
1203 0.364613 0.96
1204 0.669256 0.95
1205 0.130717 0.99
1206 0.211284 0.98
1207 0.266882 0.96
1208 0.431515 0.94
1209 0.223646 0.99
1210 0.266721 0.98
1211 0.184297 0.99
1212 0.126467 0.99
1213 0.243384 0.98
1214 0.177965 0.98
1215 0.252886 0.97
1216 0.385254 0.98
1217 0.0643645 0.99
1218 0.124121 1.0
1219 0.192489 0.98
1220 0.378897 0.98
1221 0.0687595 1.0
1222 0.156346 0.99
1223 0.23633 0.98
1224 0.19252 0.99
1225 0.209082 0.99
1226 0.169513 0.98
1227 0.159638 1.0
1228 0.459016 0.96
1229 0.028549 1.0
1230 0.512542 0.96
1231 0.292871 0.99
1232 0.0690684 1.0
1233 0.199675 0.97
1234 0.174048 0.99
1235 0.15149 0.99
1236 0.322733 0.99
1237 0.186787 0.99
1238 0.145999 0.99
1239 0.36989 0.97
1240 0.318688 0.98
1241 0.490623 0.95
1242 0.233197 0.96
1243 0.340025 0.97
1244 0.082988 1.0
1245 0.339959 0.98
1246 0.191385 0.98
1247 0.449052 0.98
1248 0.295249 0.97
1249 0.54878 0.97
1250 0.189476 0.99
1251 0.334889 0.96
1252 0.1942 0.97
1253 0.0928615 1.0
1254 0.171976 0.99
1255 0.263209 0.98
1256 0.100415 1.0
1257 0.450728 0.96
1258 0.2286 0.99
1259 0.0902501 0.99
1260 0.206038 0.99
1261 0.131202 0.99
1262 0.228756 0.98
1263 0.327444 0.98
1264 0.26163 0.99
1265 0.15519 0.99
1266 0.249572 0.97
1267 0.064321 0.99
1268 0.138711 0.99
1269 0.436434 0.97
1270 0.0926067 1.0
1271 0.22666 0.98
1272 0.610412 0.98
1273 0.388728 0.97
1274 0.077466 1.0
1275 0.125487 0.98
1276 0.0758261 1.0
1277 0.496487 0.97
1278 0.282511 0.98
1279 0.0707785 1.0
1280 0.51718 0.95
1281 0.0586494 1.0
1282 0.332817 0.98
1283 0.335781 0.96
1284 0.0725868 1.0
1285 0.0485331 1.0
1286 0.240996 0.97
1287 0.102186 0.99
1288 0.363263 0.97
1289 0.348181 0.97
1290 0.120102 0.99
1291 0.269646 0.99
1292 0.304237 0.97
1293 0.317025 0.96
1294 0.259797 0.97
1295 0.0641296 1.0
1296 0.0547201 1.0
1297 0.132764 0.99
1298 0.150712 1.0
1299 0.354577 0.98
1300 0.742419 0.95
1301 0.336132 0.98
1302 0.322031 0.97
1303 0.0886466 0.99
1304 0.279006 0.99
1305 0.365747 0.96
1306 0.494755 0.96
1307 0.280393 0.97
1308 0.107659 1.0
1309 0.225647 0.98
1310 0.270676 0.98
1311 0.56052 0.96
1312 0.152509 0.98
1313 0.074987 0.99
1314 0.429556 0.97
1315 0.233128 0.97
1316 0.111002 0.99
1317 0.306629 0.98
1318 0.0954982 1.0
1319 0.125777 1.0
1320 0.0703102 1.0
1321 0.107447 1.0
1322 0.269552 0.98
1323 0.172896 0.99
1324 0.112298 1.0
1325 0.6804 0.95
1326 0.104535 0.99
1327 0.285932 0.98
1328 0.242294 0.98
1329 0.527581 0.96
1330 0.0727218 1.0
1331 0.274005 0.99
1332 0.141831 1.0
1333 0.719983 0.97
1334 0.307503 0.99
1335 0.358535 0.97
1336 0.155771 1.0
1337 0.341396 0.98
1338 0.0877183 1.0
1339 0.194325 0.98
1340 0.172928 0.99
1341 0.175262 0.99
1342 0.238462 0.98
1343 0.18207 0.99
1344 0.608734 0.96
1345 0.260904 0.99
1346 0.175536 0.97
1347 0.0814727 1.0
1348 0.029478 1.0
1349 0.32903 0.98
1350 0.16367 0.98
1351 0.0218876 1.0
1352 0.214357 0.99
1353 0.254212 0.98
1354 0.203501 0.99
1355 0.188883 0.98
1356 0.257821 0.99
1357 0.333024 0.97
1358 0.248559 0.98
1359 0.224155 0.99
1360 0.197038 0.99
1361 0.349278 0.97
1362 0.135519 1.0
1363 0.298336 0.97
1364 0.130826 0.99
1365 0.108559 0.99
1366 0.152494 0.99
1367 0.362274 0.97
1368 0.0512128 0.99
1369 0.0680147 0.99
1370 0.266014 0.99
1371 0.0443072 1.0
1372 0.240624 0.99
1373 0.335173 0.97
1374 0.230359 0.98
1375 0.0336234 1.0
1376 0.267016 0.97
1377 0.0459143 1.0
1378 0.201985 0.99
1379 0.220882 0.99
1380 0.321292 0.97
1381 0.408963 0.98
1382 0.28057 0.99
1383 0.0600516 1.0
1384 0.0646468 0.99
1385 0.0984091 1.0
1386 0.0807219 1.0
1387 0.118418 0.99
1388 0.568669 0.96
1389 0.0867616 1.0
1390 0.580162 0.97
1391 0.349009 0.98
1392 0.128687 1.0
1393 0.310862 0.97
1394 0.0875076 1.0
1395 0.0696127 1.0
1396 0.0728574 1.0
1397 0.152705 0.99
1398 0.348059 0.98
1399 0.180298 0.98
1400 0.247528 0.97
1401 0.162625 0.98
1402 0.067214 1.0
1403 0.0907003 0.99
1404 0.306013 0.98
1405 0.200438 0.98
1406 0.0774799 1.0
1407 0.228735 0.96
1408 0.0707265 1.0
1409 0.23197 0.97
1410 0.144515 1.0
1411 0.297797 0.99
1412 0.210748 0.97
1413 0.270533 0.97
1414 0.179364 0.98
1415 0.215335 0.99
1416 0.186534 0.99
1417 0.139742 1.0
1418 0.386492 0.98
1419 0.0864546 0.99
1420 0.257314 0.99
1421 0.317665 0.97
1422 0.142567 0.98
1423 0.189191 0.99
1424 0.489255 0.97
1425 0.0880758 1.0
1426 0.132357 1.0
1427 0.134676 0.98
1428 0.151485 0.98
1429 0.376608 0.97
1430 0.193035 0.98
1431 0.182782 0.98
1432 0.019437 1.0
1433 0.307873 0.96
1434 0.0780191 1.0
1435 0.364734 0.97
1436 0.307718 0.98
1437 0.0919702 0.99
1438 0.264642 0.98
1439 0.365331 0.98
1440 0.111218 0.99
1441 0.523408 0.98
1442 0.20145 0.99
1443 0.114484 1.0
1444 0.377684 0.98
1445 0.165691 0.98
1446 0.375365 0.99
1447 0.407448 0.98
1448 0.0893219 1.0
1449 0.339919 0.98
1450 0.293625 0.98
1451 0.100768 0.99
1452 0.0452633 1.0
1453 0.432117 0.96
1454 0.187338 0.99
1455 0.184884 0.98
1456 0.208598 0.99
1457 0.213557 0.99
1458 0.112943 0.99
1459 0.174332 0.98
1460 0.182346 0.99
1461 0.0597726 1.0
1462 0.147266 0.99
1463 0.203105 0.98
1464 0.0483262 1.0
1465 0.265233 0.97
1466 0.0982933 1.0
1467 0.131226 0.97
1468 0.35581 0.99
1469 0.264642 0.98
1470 0.180241 0.98
1471 0.151173 0.99
1472 0.0477226 1.0
1473 0.286713 0.98
1474 0.199577 0.99
1475 0.379692 0.97
1476 0.239919 0.99
1477 0.304369 0.97
1478 0.266862 0.99
1479 0.276901 0.99
1480 0.172472 0.98
1481 0.3201 0.97
1482 0.0260155 1.0
1483 0.277507 0.98
1484 0.0774142 1.0
1485 0.355308 0.99
1486 0.296899 0.98
1487 0.270331 0.97
1488 0.242929 0.99
1489 0.105616 0.99
1490 0.119821 0.99
1491 0.263039 0.98
1492 0.12191 0.99
1493 0.689335 0.95
1494 0.231666 0.99
1495 0.293299 0.97
1496 0.297154 0.97
1497 0.112214 0.99
1498 0.200307 0.98
1499 0.264767 0.98
1500 0.13099 0.99
1501 0.258907 0.99
1502 0.288463 0.99
1503 0.247876 0.97
1504 0.315311 0.97
1505 0.265111 0.97
1506 0.0313921 1.0
1507 0.263456 0.98
1508 0.255569 0.99
1509 0.125309 0.99
1510 0.114732 0.99
1511 0.249991 0.97
1512 0.190776 0.97
1513 0.0937497 1.0
1514 0.238469 0.98
1515 0.080458 0.99
1516 0.252856 0.98
1517 0.318494 0.98
1518 0.0178401 1.0
1519 0.40632 0.98
1520 0.530594 0.97
1521 0.0376022 1.0
1522 0.138905 0.99
1523 0.139764 1.0
1524 0.22113 0.98
1525 0.0694713 1.0
1526 0.0514971 0.99
1527 0.109068 0.99
1528 0.27223 0.98
1529 0.194421 0.97
1530 0.14527 0.99
1531 0.171648 0.99
1532 0.165013 0.98
1533 0.212232 0.97
1534 0.104703 0.99
1535 0.130344 0.98
1536 0.152826 1.0
1537 0.251479 0.98
1538 0.409528 0.99
1539 0.0311168 1.0
1540 0.186659 0.97
1541 0.143913 0.98
1542 0.161908 0.99
1543 0.0366558 1.0
1544 0.125774 0.99
1545 0.294076 0.98
1546 0.117515 0.99
1547 0.598295 0.96
1548 0.167772 0.98
1549 0.292108 0.98
1550 0.0700525 1.0
1551 0.0904586 1.0
1552 0.0898143 0.98
1553 0.0620141 0.99
1554 0.176903 0.98
1555 0.0327119 1.0
1556 0.121531 1.0
1557 0.131845 1.0
1558 0.126287 0.98
1559 0.0848271 1.0
1560 0.156793 0.99
1561 0.0222035 1.0
1562 0.0662068 1.0
1563 0.148447 0.98
1564 0.058525 1.0
1565 0.0338487 1.0
1566 0.0438684 1.0
1567 0.120223 0.99
1568 0.133913 0.98
1569 0.185458 0.98
1570 0.0853425 0.99
1571 0.0726394 1.0
1572 0.114638 0.98
1573 0.0267374 1.0
1574 0.256145 0.99
1575 0.206823 0.98
1576 0.990334 0.95
1577 0.120447 0.99
1578 0.116715 0.99
1579 0.111716 0.99
1580 0.330543 0.97
1581 0.103026 0.99
1582 0.175229 0.98
1583 0.121844 0.99
1584 0.240855 0.98
1585 0.47385 0.97
1586 0.118596 0.98
1587 0.351761 0.99
1588 0.037416 1.0
1589 0.174873 0.98
1590 0.201282 0.98
1591 0.618716 0.97
1592 0.070992 1.0
1593 0.332419 0.98
1594 0.311157 0.97
1595 0.22993 0.99
1596 0.155612 0.98
1597 0.160555 0.98
1598 0.153636 0.99
1599 0.125891 0.99
1600 0.223529 0.99
1601 0.162461 0.99
1602 0.188855 0.99
1603 0.467632 0.96
1604 0.102077 0.99
1605 0.383683 0.97
1606 0.126044 0.99
1607 0.0567415 1.0
1608 0.148109 0.99
1609 0.0738895 1.0
1610 0.0987817 0.99
1611 0.0885015 0.99
1612 0.0528837 1.0
1613 0.186536 0.98
1614 0.10237 0.98
1615 0.0567923 1.0
1616 0.155171 0.99
1617 0.110195 0.98
1618 0.390556 0.97
1619 0.0398845 1.0
1620 0.16276 0.99
1621 0.0913274 1.0
1622 0.155786 1.0
1623 0.35428 0.96
1624 0.285048 0.98
1625 0.0326076 1.0
1626 0.160948 0.98
1627 0.540389 0.95
1628 0.0888043 0.99
1629 0.230562 0.99
1630 0.0659933 1.0
1631 0.146101 0.99
1632 0.0878271 1.0
1633 0.157924 0.98
1634 0.20107 0.97
1635 0.185774 0.99
1636 0.160661 0.98
1637 0.106001 1.0
1638 0.261971 0.98
1639 0.0547444 1.0
1640 0.172894 0.99
1641 0.120245 0.99
1642 0.077016 1.0
1643 0.110278 0.99
1644 0.22477 0.99
1645 0.354596 0.96
1646 0.332351 0.97
1647 0.116317 1.0
1648 0.262002 0.98
1649 0.0851755 0.99
1650 0.19691 0.98
1651 0.292451 0.99
1652 0.20373 0.99
1653 0.29019 0.99
1654 0.178941 0.98
1655 0.0724119 0.99
1656 0.142634 0.98
1657 0.186152 0.98
1658 0.0903014 1.0
1659 0.0726425 0.99
1660 0.0764222 1.0
1661 0.204658 0.99
1662 0.274789 0.99
1663 0.0978078 0.99
1664 0.237991 0.97
1665 0.248061 0.98
1666 0.410187 0.97
1667 0.0635813 0.99
1668 0.0514123 1.0
1669 0.18838 0.97
1670 0.190439 0.98
1671 0.283942 0.99
1672 0.0343232 1.0
1673 0.145697 0.99
1674 0.144471 0.98
1675 0.19865 0.99
1676 0.148439 0.99
1677 0.0454838 1.0
1678 0.18375 0.99
1679 0.307311 0.97
1680 0.293691 0.98
1681 0.457472 0.97
1682 0.316628 0.99
1683 0.196956 0.99
1684 0.145377 0.98
1685 0.184447 0.98
1686 0.231816 0.97
1687 0.116314 1.0
1688 0.176579 0.97
1689 0.546347 0.95
1690 0.159269 0.98
1691 0.167237 0.99
1692 0.369566 0.99
1693 0.144304 0.99
1694 0.239913 0.97
1695 0.0871949 0.99
1696 0.20503 0.98
1697 0.154626 0.99
1698 0.0546886 1.0
1699 0.126469 0.98
1700 0.0667121 1.0
1701 0.133975 0.99
1702 0.338515 0.98
1703 0.100834 0.99
1704 0.475705 0.97
1705 0.0432438 1.0
1706 0.0606656 1.0
1707 0.333455 0.99
1708 0.389274 0.98
1709 0.546052 0.97
1710 0.168734 0.99
1711 0.212125 0.98
1712 0.169971 0.98
1713 0.200251 0.98
1714 0.303595 0.97
1715 0.271757 0.98
1716 0.248083 0.98
1717 0.312586 0.98
1718 0.407117 0.95
1719 0.142014 0.99
1720 0.101133 0.99
1721 0.223529 0.99
1722 0.10319 0.99
1723 0.444895 0.96
1724 0.205463 0.99
1725 0.31855 0.98
1726 0.14593 0.98
1727 0.47157 0.98
1728 0.105734 1.0
1729 0.127561 1.0
1730 0.161723 0.99
1731 0.351992 0.96
1732 0.270879 0.97
1733 0.281202 0.96
1734 0.280765 0.98
1735 0.203479 0.98
1736 0.0228065 1.0
1737 0.280108 0.96
1738 0.120546 0.99
1739 0.266636 0.99
1740 0.247025 0.98
1741 0.0782822 1.0
1742 0.147812 0.99
1743 0.13669 0.99
1744 0.383152 0.95
1745 0.0958214 0.99
1746 0.323079 0.97
1747 0.518632 0.97
1748 0.251346 0.99
1749 0.0143851 1.0
1750 0.163094 0.99
1751 0.108615 0.99
1752 0.334035 0.98
1753 0.294902 0.98
1754 0.11579 0.99
1755 0.429881 0.97
1756 0.0644977 0.99
1757 0.301447 0.98
1758 0.254751 0.99
1759 0.0575342 1.0
1760 0.0593789 1.0
1761 0.105335 1.0
1762 0.244942 0.98
1763 0.237562 0.98
1764 0.164459 0.99
1765 0.0459471 1.0
1766 0.0885574 0.99
1767 0.0405034 1.0
1768 0.0350298 1.0
1769 0.139318 0.99
1770 0.190281 0.98
1771 0.211094 0.99
1772 0.146133 0.99
1773 0.272267 0.97
1774 0.0941665 1.0
1775 0.21894 0.98
1776 0.082796 1.0
1777 0.300792 0.97
1778 0.0755001 0.99
1779 0.153221 0.98
1780 0.265867 0.99
1781 0.0550351 0.99
1782 0.110847 0.99
1783 0.0728087 1.0
1784 0.103387 1.0
1785 0.545648 0.98
1786 0.197261 0.99
1787 0.235809 0.98
1788 0.0450535 1.0
1789 0.310031 0.97
1790 0.281049 0.98
1791 0.192461 0.99
1792 0.187009 0.98
1793 0.0758911 0.99
1794 0.119627 0.98
1795 0.14962 0.98
1796 0.250147 0.96
1797 0.576155 0.96
1798 0.234783 0.99
1799 0.388459 0.97
1800 0.064187 0.99
1801 0.0642672 1.0
1802 0.071744 1.0
1803 0.333019 0.98
1804 0.180754 1.0
1805 0.221393 0.98
1806 0.354205 0.98
1807 0.0431098 1.0
1808 0.191696 0.98
1809 0.142385 0.99
1810 0.315169 0.98
1811 0.0911475 1.0
1812 0.289438 0.97
1813 0.215432 0.98
1814 0.227494 0.99
1815 0.141199 1.0
1816 0.0659154 1.0
1817 0.131379 0.99
1818 0.0264433 1.0
1819 0.205706 0.98
1820 0.166254 0.98
1821 0.0351136 1.0
1822 0.0390396 1.0
1823 0.224921 0.98
1824 0.129525 0.99
1825 0.141409 1.0
1826 0.058933 1.0
1827 0.176389 0.99
1828 0.154863 0.99
1829 0.361403 0.97
1830 0.234075 0.97
1831 0.0495525 1.0
1832 0.0667997 1.0
1833 0.017239 1.0
1834 0.0195486 1.0
1835 0.0827139 0.99
1836 0.129012 0.99
1837 0.0821102 0.99
1838 0.380106 0.97
1839 0.0346375 1.0
1840 0.032625 1.0
1841 0.0254632 1.0
1842 0.127404 0.99
1843 0.599522 0.97
1844 0.10108 0.99
1845 0.105647 0.99
1846 0.337836 0.97
1847 0.377209 0.96
1848 0.255563 0.99
1849 0.0703226 1.0
1850 0.0875424 0.99
1851 0.258149 0.97
1852 0.166919 0.98
1853 0.176135 0.98
1854 0.125823 0.99
1855 0.126215 0.99
1856 0.153304 0.98
1857 0.482725 0.96
1858 0.063239 1.0
1859 0.105533 1.0
1860 0.20307 0.98
1861 0.323707 0.98
1862 0.157481 0.99
1863 0.103564 1.0
1864 0.122693 0.99
1865 0.181813 0.98
1866 0.0561104 1.0
1867 0.220054 0.99
1868 0.159988 1.0
1869 0.257683 0.97
1870 0.0406802 1.0
1871 0.369876 0.97
1872 0.0368015 1.0
1873 0.108933 1.0
1874 0.117688 1.0
1875 0.0388584 1.0
1876 0.247557 0.98
1877 0.0347108 1.0
1878 0.515085 0.97
1879 0.113267 1.0
1880 0.114903 0.99
1881 0.131027 0.99
1882 0.359178 0.98
1883 0.0823929 1.0
1884 0.640482 0.97
1885 0.255877 0.97
1886 0.17493 0.99
1887 0.209643 0.98
1888 0.0618816 0.99
1889 0.318071 0.96
1890 0.207459 0.97
1891 0.0760223 0.99
1892 0.402452 0.97
1893 0.199408 0.99
1894 0.152876 0.99
1895 0.400612 0.97
1896 0.152421 0.98
1897 0.115688 0.99
1898 0.20997 0.97
1899 0.192375 0.98
1900 0.0546813 1.0
1901 0.559635 0.96
1902 0.0668524 1.0
1903 0.475477 0.97
1904 0.158495 1.0
1905 0.254878 0.98
1906 0.103587 1.0
1907 0.0921607 1.0
1908 0.136714 0.99
1909 0.238595 0.97
1910 0.111876 0.99
1911 0.32802 0.97
1912 0.266772 0.98
1913 0.017937 1.0
1914 0.11025 1.0
1915 0.0687615 1.0
1916 0.42786 0.97
1917 0.0571827 1.0
1918 0.190966 0.99
1919 0.149685 0.98
1920 0.35821 0.98
1921 0.0913041 0.99
1922 0.174244 0.98
1923 0.242338 0.99
1924 0.086042 1.0
1925 0.355864 0.98
1926 0.266467 0.97
1927 0.0932198 0.99
1928 0.11393 1.0
1929 0.370821 0.97
1930 0.137554 0.99
1931 0.163394 0.99
1932 0.117412 0.99
1933 0.0721916 1.0
1934 0.172872 0.99
1935 0.0690078 1.0
1936 0.112414 0.99
1937 0.132683 0.99
1938 0.473049 0.96
1939 0.643105 0.96
1940 0.222334 0.99
1941 0.355779 0.98
1942 0.033029 1.0
1943 0.164845 0.98
1944 0.152959 0.99
1945 0.164736 0.98
1946 0.280751 0.98
1947 0.0827571 0.99
1948 0.0662498 1.0
1949 0.247584 0.99
1950 0.284909 0.99
1951 0.0563469 1.0
1952 0.314635 0.98
1953 0.120897 0.99
1954 0.0976422 0.99
1955 0.0848033 1.0
1956 0.143023 0.99
1957 0.100046 0.99
1958 0.216997 0.98
1959 0.103349 1.0
1960 0.0680135 1.0
1961 0.085642 0.99
1962 0.104078 1.0
1963 0.208266 0.98
1964 0.038856 1.0
1965 0.20057 0.98
1966 0.129976 0.99
1967 0.26267 0.98
1968 0.131279 0.99
1969 0.0713998 1.0
1970 0.0780389 1.0
1971 0.0414696 0.99
1972 0.194418 0.99
1973 0.0559138 1.0
1974 0.120582 1.0
1975 0.178125 0.98
1976 0.0787339 1.0
1977 0.113512 0.99
1978 0.16752 0.98
1979 0.115476 1.0
1980 0.259759 0.98
1981 0.201369 0.98
1982 0.074872 0.99
1983 0.134819 0.98
1984 0.165298 0.97
1985 0.490199 0.97
1986 0.110455 0.99
1987 0.0275404 1.0
1988 0.172765 0.99
1989 0.253111 0.99
1990 0.088804 0.99
1991 0.0475728 1.0
1992 0.0634602 0.99
1993 0.0562271 0.99
1994 0.127761 0.98
1995 0.0747268 1.0
1996 0.0830581 0.98
1997 0.0432182 1.0
1998 0.0306463 1.0
1999 0.201861 0.99
2000 0.0659971 1.0
2001 0.310999 0.97
2002 0.0684187 1.0
2003 0.163765 0.99
2004 0.130024 0.99
2005 0.210114 0.99
2006 0.0487591 1.0
2007 0.0550894 0.99
2008 0.041851 1.0
2009 0.0499591 0.99
2010 0.0447132 1.0
2011 0.033539 1.0
2012 0.124825 0.99
2013 0.106718 1.0
2014 0.316975 0.98
2015 0.0190668 1.0
2016 0.125286 0.98
2017 0.0495737 1.0
2018 0.0721599 0.99
2019 0.0711959 0.99
2020 0.214263 0.98
2021 0.0744813 1.0
2022 0.0687507 1.0
2023 0.035391 1.0
2024 0.169606 0.98
2025 0.215154 0.99
2026 0.0257185 1.0
2027 0.286031 0.98
2028 0.139328 0.99
2029 0.049274 1.0
2030 0.110444 0.99
2031 0.0915776 0.99
2032 0.090985 0.99
2033 0.010071 1.0
2034 0.173602 0.98
2035 0.0718969 1.0
2036 0.163386 0.99
2037 0.0828939 1.0
2038 0.315632 0.98
2039 0.0918767 0.99
2040 0.0594152 1.0
2041 0.0279673 1.0
2042 0.123439 0.99
2043 0.108645 0.99
2044 0.528087 0.95
2045 0.297791 0.98
2046 0.209688 0.98
2047 0.0389811 1.0
2048 0.0793013 0.99
2049 0.0634498 1.0
2050 0.108346 1.0
2051 0.330485 0.98
2052 0.162064 0.99
2053 0.0304474 1.0
2054 0.118262 0.99
2055 0.126249 0.98
2056 0.091841 0.99
2057 0.105801 1.0
2058 0.150398 0.99
2059 0.149791 0.99
2060 0.071971 1.0
2061 0.163033 0.98
2062 0.112489 0.98
2063 0.353935 0.99
2064 0.27577 0.97
2065 0.276619 0.96
2066 0.211385 0.98
2067 0.191609 0.99
2068 0.096624 1.0
2069 0.0127546 1.0
2070 0.0485297 1.0
2071 0.0464794 1.0
2072 0.456252 0.98
2073 0.438595 0.98
2074 0.472038 0.98
2075 0.0876146 0.99
2076 0.101709 0.99
2077 0.15293 0.98
2078 0.0633041 1.0
2079 0.208213 0.99
2080 0.35163 0.97
2081 0.232116 0.98
2082 0.361003 0.96
2083 0.0409229 1.0
2084 0.31294 0.97
2085 0.101679 1.0
2086 0.10426 0.99
2087 0.139342 0.99
2088 0.240022 0.97
2089 0.096342 0.99
2090 0.0404624 1.0
2091 0.151043 0.98
2092 0.189242 0.99
2093 0.0818594 0.99
2094 0.016011 1.0
2095 0.16041 0.98
2096 0.356455 0.97
2097 0.324983 0.99
2098 0.127815 0.99
2099 0.302493 0.99
2100 0.159397 0.98
2101 0.138001 0.99
2102 0.04278 1.0
2103 0.154781 0.99
2104 0.208436 0.98
2105 0.175227 0.99
2106 0.238817 0.99
2107 0.195232 0.99
2108 0.232778 0.98
2109 0.189383 0.98
2110 0.0972267 0.98
2111 0.196224 0.99
2112 0.366799 0.97
2113 0.0457348 1.0
2114 0.105102 0.99
2115 0.274158 0.99
2116 0.0675175 1.0
2117 0.116524 0.99
2118 0.16768 0.99
2119 0.0520685 0.99
2120 0.0776133 1.0
2121 0.255509 0.97
2122 0.0735498 0.99
2123 0.2406 0.98
2124 0.152598 0.99
2125 0.106813 0.98
2126 0.139752 0.99
2127 0.084464 1.0
2128 0.144415 0.99
2129 0.0794729 1.0
2130 0.223813 0.99
2131 0.171734 0.99
2132 0.0703687 1.0
2133 0.284841 0.99
2134 0.0197335 1.0
2135 0.0727388 1.0
2136 0.0441239 1.0
2137 0.0576353 1.0
2138 0.0489209 1.0
