1 29.464 0.08
2 23.7722 0.15
3 20.3106 0.3
4 18.3457 0.32
5 11.5628 0.45
6 12.0942 0.45
7 11.0351 0.44
8 9.11158 0.53
9 8.08915 0.51
10 5.85145 0.63
11 5.81178 0.56
12 4.58543 0.73
13 4.72678 0.53
14 4.48838 0.67
15 4.10724 0.73
16 3.65187 0.7
17 3.1573 0.79
18 2.03856 0.82
19 2.71103 0.79
20 3.36509 0.72
21 3.32642 0.74
22 1.95031 0.85
23 2.2335 0.84
24 1.99638 0.85
25 2.18976 0.82
26 1.90621 0.85
27 2.40014 0.78
28 2.94821 0.75
29 1.70574 0.86
30 2.19801 0.86
31 1.93804 0.85
32 1.75642 0.89
33 1.79973 0.86
34 2.07692 0.86
35 1.89433 0.86
36 1.68525 0.85
37 1.57105 0.84
38 1.50839 0.88
39 1.54565 0.88
40 1.74097 0.83
41 1.87191 0.83
42 2.28433 0.84
43 1.98761 0.83
44 1.26294 0.88
45 1.83702 0.86
46 1.48333 0.86
47 1.81814 0.83
48 1.34501 0.91
49 1.58988 0.86
50 1.46483 0.87
51 1.13338 0.88
52 1.82421 0.83
53 1.37533 0.88
54 1.54134 0.86
55 1.01019 0.9
56 1.42128 0.91
57 1.47466 0.86
58 1.6241 0.86
59 1.47565 0.83
60 0.78207 0.97
61 0.955262 0.92
62 0.826037 0.92
63 1.25357 0.87
64 0.916673 0.92
65 1.30327 0.89
66 0.798232 0.93
67 1.15108 0.89
68 0.983337 0.92
69 1.80912 0.85
70 1.547 0.86
71 1.63907 0.86
72 1.23701 0.89
73 1.90265 0.84
74 1.23265 0.91
75 0.778407 0.94
76 1.07907 0.9
77 0.954367 0.94
78 1.1843 0.89
79 1.18132 0.89
80 1.23695 0.9
81 0.820383 0.93
82 1.32741 0.89
83 1.92356 0.85
84 0.723102 0.95
85 1.14101 0.91
86 0.693103 0.96
87 1.71936 0.85
88 1.91829 0.85
89 1.79123 0.83
90 1.17368 0.84
91 0.801973 0.93
92 1.08381 0.93
93 1.16229 0.92
94 0.893589 0.9
95 1.2492 0.89
96 0.991473 0.88
97 1.01839 0.87
98 1.2008 0.92
99 0.696933 0.95
100 0.567587 0.96
101 0.775848 0.9
102 0.809397 0.94
103 1.52934 0.86
104 0.669191 0.9
105 0.702456 0.94
106 0.430637 0.95
107 0.887937 0.91
108 1.349 0.89
109 0.729163 0.93
110 0.832839 0.93
111 0.665454 0.91
112 0.635778 0.93
113 0.996917 0.91
114 0.550373 0.94
115 0.69169 0.91
116 1.24191 0.87
117 1.15092 0.88
118 1.48284 0.85
119 0.746318 0.91
120 0.787852 0.93
121 0.573793 0.9
122 0.841182 0.93
123 1.15639 0.91
124 1.01588 0.91
125 1.27737 0.89
126 1.61261 0.88
127 1.65319 0.86
128 0.740278 0.93
129 0.497738 0.94
130 1.08088 0.89
131 1.61727 0.84
132 1.1997 0.87
133 0.842168 0.94
134 1.25678 0.87
135 0.709929 0.95
136 0.791041 0.97
137 0.986452 0.89
138 1.16832 0.88
139 0.708484 0.93
140 1.30725 0.9
141 1.01449 0.92
142 1.12091 0.89
143 0.921466 0.92
144 1.41726 0.87
145 0.594364 0.94
146 1.23185 0.85
147 1.35497 0.85
148 1.74188 0.81
149 1.07992 0.87
150 0.44616 0.96
151 0.376247 0.97
152 0.924927 0.91
153 0.607837 0.94
154 0.778139 0.97
155 1.11441 0.92
156 0.81802 0.93
157 0.627149 0.96
158 1.28342 0.84
159 1.22401 0.89
160 0.949845 0.91
161 0.999989 0.93
162 0.524614 0.94
163 0.647812 0.92
164 0.390448 0.96
165 0.518094 0.96
166 0.652934 0.94
167 0.638721 0.97
168 0.94321 0.89
169 0.762013 0.91
170 0.742083 0.95
171 0.700292 0.91
172 0.753132 0.91
173 0.815755 0.92
174 0.393641 0.98
175 0.947013 0.91
176 1.01301 0.91
177 0.763251 0.93
178 0.918426 0.92
179 0.895684 0.89
180 0.363879 0.96
181 0.69016 0.95
182 0.490353 0.97
183 0.376079 0.96
184 0.52173 0.96
185 0.643656 0.94
186 0.726045 0.93
187 0.39234 0.97
188 0.422357 0.98
189 0.482216 0.92
190 0.412959 0.96
191 0.440724 0.96
192 0.592019 0.94
193 0.679081 0.96
194 0.795295 0.92
195 0.513881 0.94
196 0.684191 0.92
197 0.28783 0.96
198 0.291607 0.97
199 0.454777 0.97
200 0.492875 0.95
201 1.11019 0.9
202 0.935567 0.91
203 0.854735 0.92
204 0.534566 0.97
205 0.218629 0.98
206 0.384883 0.95
207 0.70545 0.96
208 1.13277 0.92
209 0.502162 0.93
210 1.06564 0.9
211 0.721001 0.93
212 0.551397 0.95
213 0.28507 0.97
214 0.745469 0.93
215 0.492398 0.95
216 0.383873 0.96
217 0.372777 0.96
218 0.477917 0.94
219 0.315036 0.95
220 0.612664 0.93
221 0.3032 0.98
222 0.806568 0.9
223 0.722793 0.95
224 0.215532 1.0
225 0.874678 0.91
226 1.06335 0.89
227 0.832002 0.91
228 0.605873 0.94
229 0.565682 0.96
230 0.186023 0.99
231 0.642152 0.94
232 0.339801 0.96
233 0.411353 0.95
234 0.408476 0.98
235 0.418426 0.94
236 0.279247 0.99
237 0.812395 0.91
238 0.50836 0.93
239 0.549279 0.94
240 0.69464 0.95
241 0.320667 0.97
242 0.461344 0.96
243 0.675454 0.95
244 0.293076 0.98
245 0.383517 0.98
246 0.659018 0.93
247 0.536726 0.95
248 0.82942 0.93
249 0.519734 0.93
250 0.59216 0.95
251 0.480263 0.95
252 0.360519 0.98
253 0.538009 0.96
254 0.490827 0.97
255 0.38059 0.97
256 0.580397 0.96
257 0.347176 0.99
258 0.371026 0.95
259 0.653082 0.94
260 0.407226 0.96
261 0.309524 0.96
262 0.187554 0.97
263 0.357997 0.97
264 0.838811 0.94
265 0.562302 0.94
266 0.45786 0.95
267 0.741626 0.96
268 1.06565 0.9
269 0.805461 0.95
270 0.249537 0.99
271 0.244627 0.99
272 0.791888 0.94
273 0.63698 0.91
274 0.240953 0.98
275 0.323877 0.96
276 0.677756 0.95
277 0.638167 0.94
278 0.411014 0.96
279 0.555247 0.97
280 0.367812 0.97
281 0.33414 0.98
282 0.685294 0.92
283 0.419952 0.95
284 0.614611 0.95
285 0.439424 0.96
286 0.381086 0.97
287 0.9253 0.88
288 0.466323 0.96
289 0.395138 0.97
290 0.318829 0.95
291 0.44069 0.94
292 0.471818 0.96
293 0.420015 0.93
294 0.582989 0.89
295 0.360519 0.97
296 0.390388 0.98
297 0.215903 0.98
298 0.507612 0.95
299 0.53949 0.94
300 0.869596 0.88
301 0.61388 0.93
302 0.519997 0.94
303 0.388454 0.97
304 0.24074 0.98
305 0.477417 0.97
306 0.617494 0.91
307 1.00758 0.91
308 0.396397 0.95
309 0.661291 0.92
310 0.646316 0.94
311 0.384922 0.97
312 0.836566 0.96
313 0.405389 0.97
314 0.931116 0.9
315 0.627776 0.93
316 0.456997 0.97
317 0.660973 0.92
318 0.989372 0.88
319 0.611521 0.94
320 0.25938 0.97
321 0.559888 0.95
322 0.395577 0.98
323 0.512723 0.97
324 0.717111 0.93
325 0.879775 0.9
326 0.433397 0.95
327 0.23948 0.98
328 0.635789 0.94
329 0.774432 0.94
330 0.267369 0.97
331 0.273185 0.97
332 0.281356 0.96
333 0.444867 0.96
334 0.466677 0.95
335 0.305812 0.98
336 0.42715 0.95
337 0.208021 0.98
338 0.513799 0.95
339 0.182875 1.0
340 0.113939 0.98
341 0.381119 0.95
342 0.272703 0.96
343 0.124935 0.99
344 0.30918 0.97
345 0.60311 0.92
346 0.646189 0.91
347 0.509838 0.95
348 0.629076 0.95
349 0.601391 0.93
350 0.369431 0.97
351 0.370223 0.97
352 0.385449 0.96
353 0.395542 0.95
354 0.2822 0.95
355 0.627391 0.92
356 0.117096 0.98
357 0.702872 0.94
358 0.292331 0.98
359 0.250861 0.99
360 0.550302 0.96
361 0.411569 0.98
362 0.397848 0.96
363 0.241302 0.98
364 0.289468 0.98
365 0.49215 0.94
366 0.241436 0.97
367 0.133442 0.99
368 0.50397 0.94
369 0.509814 0.95
370 0.131208 0.99
371 0.711454 0.95
372 0.481399 0.95
373 0.437227 0.97
374 0.972334 0.91
375 1.22563 0.9
376 0.502419 0.94
377 0.245441 0.98
378 0.421848 0.97
379 0.34198 0.96
380 0.341982 0.97
381 0.419537 0.95
382 0.336677 0.96
383 0.445355 0.95
384 0.656174 0.92
385 0.28864 0.97
386 0.421308 0.95
387 0.384444 0.96
388 0.541409 0.94
389 0.196933 0.98
390 0.342674 0.96
391 0.21653 0.99
392 0.477859 0.97
393 0.542326 0.95
394 1.09913 0.89
395 0.544519 0.93
396 0.315179 0.98
397 0.822636 0.92
398 0.263776 0.97
399 0.307492 0.99
400 0.366941 0.95
401 0.254173 0.97
402 0.456144 0.96
403 0.251819 0.98
404 0.372754 0.96
405 0.289825 0.98
406 0.310646 0.97
407 0.298175 0.96
408 0.288033 0.97
409 0.156163 0.99
410 0.414653 0.98
411 0.281962 0.98
412 0.183433 0.99
413 0.718724 0.93
414 0.69375 0.92
415 0.413913 0.97
416 0.435921 0.96
417 0.431714 0.94
418 0.325759 0.96
419 0.206662 0.97
420 0.369557 0.96
421 0.317875 0.95
422 0.398034 0.95
423 0.248768 0.96
424 0.352301 0.96
425 0.794761 0.94
426 0.555045 0.95
427 0.328114 0.96
428 0.390526 0.97
429 0.735287 0.94
430 0.622798 0.94
431 0.413209 0.97
432 0.263669 0.98
433 0.374074 0.95
434 0.094714 0.99
435 0.161534 0.99
436 0.309959 0.97
437 0.571027 0.96
438 0.342225 0.96
439 0.540853 0.96
440 0.713536 0.94
441 0.331961 0.96
442 0.53747 0.96
443 0.645685 0.96
444 0.379428 0.97
445 0.65275 0.95
446 0.186576 0.98
447 0.230101 0.97
448 0.42104 0.98
449 0.684855 0.95
450 0.283764 0.97
451 0.524926 0.94
452 0.380057 0.98
453 0.247273 0.98
454 0.225688 0.98
455 0.414638 0.96
456 0.37832 0.97
457 0.302826 0.96
458 0.515352 0.97
459 0.453697 0.95
460 0.576945 0.92
461 0.427985 0.97
462 0.400249 0.97
463 0.668736 0.94
464 0.490465 0.94
465 0.503207 0.96
466 0.146462 0.99
467 0.239323 0.97
468 0.45166 0.94
469 0.295646 0.94
470 0.334012 0.97
471 0.384642 0.93
472 0.12438 0.99
473 0.727988 0.9
474 0.252195 0.97
475 0.54017 0.96
476 0.354383 0.96
477 0.628005 0.94
478 0.347269 0.98
479 0.350232 0.96
480 0.436762 0.96
481 0.319724 0.97
482 0.29791 0.97
483 0.325727 0.96
484 0.417562 0.95
485 0.112581 1.0
486 0.334414 0.97
487 0.255058 0.97
488 0.0881001 1.0
489 0.270442 0.98
490 1.19018 0.9
491 0.730405 0.91
492 0.476252 0.93
493 0.379577 0.96
494 0.0565895 1.0
495 0.434218 0.95
496 0.844145 0.91
497 0.393247 0.97
498 0.186911 1.0
499 0.467603 0.92
500 0.35294 0.97
501 0.652258 0.91
502 0.345235 0.95
503 0.372964 0.95
504 0.294388 0.98
505 0.46214 0.97
506 0.341312 0.96
507 0.154715 0.99
508 0.424261 0.97
509 0.220109 0.98
510 0.408055 0.95
511 0.492016 0.97
512 0.244613 0.98
513 0.396412 0.97
514 0.649901 0.91
515 0.313116 0.96
516 0.452734 0.95
517 0.374086 0.96
518 0.387602 0.98
519 0.175777 0.99
520 0.168004 0.99
521 0.211413 0.98
522 0.231794 0.99
523 0.354687 0.96
524 0.421498 0.96
525 0.127025 1.0
526 0.390275 0.94
527 0.496518 0.96
528 0.420063 0.97
529 0.41582 0.97
530 0.283004 0.96
531 0.338962 0.98
532 0.311799 0.97
533 0.430324 0.98
534 0.149694 0.98
535 0.434445 0.95
536 0.343289 0.96
537 0.187351 0.98
538 0.28194 0.97
539 0.199801 0.98
540 0.25751 0.98
541 0.406314 0.97
542 0.152676 0.98
543 0.434684 0.95
544 0.378093 0.97
545 0.344808 0.97
546 0.230292 0.97
547 0.282929 0.97
548 0.312683 0.97
549 0.189163 0.98
550 0.202717 0.97
551 0.251365 0.98
552 0.15397 1.0
553 0.357586 0.96
554 0.140249 1.0
555 0.134339 0.99
556 0.332035 0.97
557 0.259712 0.97
558 0.219584 0.98
559 0.323581 0.97
560 0.347034 0.96
561 0.318908 0.96
562 0.236128 0.98
563 0.230158 0.98
564 0.377363 0.93
565 0.224017 0.98
566 0.204004 0.99
567 0.416981 0.96
568 0.186276 0.98
569 0.400134 0.95
570 0.356875 0.96
571 0.558592 0.96
572 0.384562 0.97
573 0.432738 0.93
574 0.31114 0.98
575 0.237479 0.96
576 0.274732 0.97
577 0.453743 0.97
578 0.188131 0.98
579 0.0703462 1.0
580 0.508313 0.97
581 0.149718 0.99
582 0.260539 0.96
583 0.272447 0.97
584 0.28255 0.98
585 0.378049 0.96
586 0.196006 0.97
587 0.0944723 0.99
588 0.185471 0.98
589 0.299709 0.97
590 0.191754 0.99
591 0.327949 0.98
592 0.524899 0.94
593 0.327248 0.96
594 0.203341 1.0
595 0.336509 0.98
596 0.145863 0.98
597 0.228569 0.98
598 0.427312 0.97
599 0.085952 1.0
600 0.173964 1.0
601 0.128565 1.0
602 0.305936 0.97
603 0.268761 0.98
604 0.446736 0.96
605 0.247089 0.99
606 0.394012 0.96
607 0.0999009 0.99
608 0.188129 0.99
609 0.272282 0.97
610 0.196465 0.99
611 0.344576 0.97
612 0.548811 0.95
613 0.187884 0.97
614 0.234324 0.97
615 0.205214 0.98
616 0.507995 0.95
617 0.206106 0.97
618 0.14984 0.99
619 0.29925 0.96
620 0.383976 0.96
621 0.241798 0.96
622 0.470261 0.94
623 0.202034 0.98
624 0.173834 0.98
625 0.15115 0.98
626 0.284094 0.99
627 0.0805026 1.0
628 0.1599 0.99
629 0.197309 0.98
630 0.233744 0.97
631 0.151511 0.98
632 0.126776 0.99
633 0.194668 0.98
634 0.271935 0.98
635 0.251968 0.97
636 0.35222 0.98
637 0.350376 0.96
638 0.211421 0.99
639 0.156532 0.98
640 0.335767 0.95
641 0.136231 1.0
642 0.477714 0.96
643 0.311099 0.97
644 0.38873 0.95
645 0.22072 0.97
646 0.249353 0.98
647 0.330545 0.94
648 0.331076 0.95
649 0.500067 0.96
650 0.32158 0.97
651 0.326723 0.96
652 0.211659 0.97
653 0.120577 1.0
654 0.229417 0.97
655 0.44285 0.94
656 0.151411 0.98
657 0.436912 0.93
658 0.219784 0.99
659 0.431867 0.96
660 0.234315 0.96
661 0.306233 0.97
662 0.275485 0.96
663 0.322482 0.95
664 0.132762 0.98
665 0.327652 0.97
666 0.228306 0.99
667 0.39567 0.95
668 0.640762 0.95
669 0.145644 0.99
670 0.115455 0.99
671 0.065152 1.0
672 0.377258 0.94
673 0.588698 0.96
674 0.394635 0.95
675 0.492401 0.96
676 0.213118 0.99
677 0.154171 0.98
678 0.353041 0.95
679 0.16067 0.99
680 0.200064 0.98
681 0.385662 0.92
682 0.0784197 1.0
683 0.133951 0.98
684 0.280317 0.95
685 0.206618 0.98
686 0.243367 0.97
687 0.0420123 1.0
688 0.152655 0.99
689 0.473922 0.97
690 0.572428 0.95
691 0.238982 0.98
692 0.187782 0.97
693 0.311025 0.95
694 0.177441 0.97
695 0.0788697 1.0
696 0.124598 0.99
697 0.319664 0.95
698 0.126573 1.0
699 0.169141 0.98
700 0.196381 0.98
701 0.120966 0.99
702 0.224543 0.96
703 0.40859 0.95
704 0.132555 0.99
705 0.214551 0.99
706 0.486853 0.94
707 0.138762 0.99
708 0.397987 0.97
709 0.242565 0.97
710 0.231825 0.97
711 0.385356 0.94
712 0.157711 0.99
713 0.188338 0.98
714 0.454043 0.95
715 0.0521839 1.0
716 0.194114 0.99
717 0.441224 0.96
718 0.147586 0.99
719 0.418661 0.95
720 0.212528 0.96
721 0.34411 0.97
722 0.116337 0.99
723 0.119897 0.99
724 0.557793 0.98
725 0.211717 0.98
726 0.381075 0.96
727 0.363432 0.96
728 0.13572 0.98
729 0.276804 0.96
730 0.096456 1.0
731 0.241627 0.97
732 0.36876 0.96
733 0.137563 0.98
734 0.38086 0.95
735 0.121834 1.0
736 0.13009 0.99
737 0.29099 0.97
738 0.289188 0.97
739 0.227383 0.98
740 0.11482 0.99
741 0.166364 0.98
742 0.173696 0.98
743 0.238107 0.98
744 0.470652 0.94
745 0.099661 1.0
746 0.156635 0.98
747 0.188748 0.98
748 0.198892 0.97
749 0.0809765 1.0
750 0.244728 0.98
751 0.143878 0.99
752 0.218436 1.0
753 0.224612 0.98
754 0.0658827 1.0
755 0.232414 0.96
756 0.232939 0.98
757 0.214057 0.97
758 0.309652 0.97
759 0.191165 0.98
760 0.286512 0.97
761 0.225062 0.98
762 0.298289 0.97
763 0.188736 0.99
764 0.318914 0.96
765 0.207358 0.98
766 0.370273 0.96
767 0.28348 0.96
768 0.0835269 0.99
769 0.232386 0.97
770 0.145533 0.99
771 0.268457 0.97
772 0.15982 0.99
773 0.311221 0.97
774 0.100688 1.0
775 0.551175 0.92
776 0.126001 0.99
777 0.220905 0.97
778 0.125249 0.99
779 0.177004 0.96
780 0.131282 0.97
781 0.256884 0.98
782 0.254773 0.99
783 0.14492 1.0
784 0.226738 0.98
785 0.152823 0.98
786 0.167674 0.97
787 0.14553 0.98
788 0.081767 0.99
789 0.34084 0.96
790 0.439371 0.95
791 0.341996 0.96
792 0.220124 0.97
793 0.0608826 0.99
794 0.236615 0.96
795 0.122439 0.99
796 0.23683 0.97
797 0.165446 1.0
798 0.121145 0.98
799 0.337463 0.96
800 0.355281 0.97
801 0.182504 0.98
802 0.242329 0.97
803 0.156305 0.99
804 0.278351 0.99
805 0.100309 0.99
806 0.169385 0.99
807 0.0237448 1.0
808 0.23294 0.96
809 0.136585 0.98
810 0.279745 0.97
811 0.146746 1.0
812 0.21879 0.99
813 0.222501 0.98
814 0.325361 0.96
815 0.308524 0.96
816 0.281121 0.98
817 0.192843 0.98
818 0.268394 0.97
819 0.208916 0.99
820 0.258797 0.96
821 0.343026 0.96
822 0.105591 1.0
823 0.179641 0.98
824 0.129167 0.99
825 0.186749 0.99
826 0.14847 0.99
827 0.355904 0.95
828 0.080111 0.99
829 0.191 0.98
830 0.476013 0.95
831 0.101093 0.98
832 0.240469 0.97
833 0.217675 0.97
834 0.0817169 0.99
835 0.113886 1.0
836 0.0693559 1.0
837 0.224196 0.96
838 0.118785 0.98
839 0.26326 0.96
840 0.304763 0.97
841 0.239735 0.96
842 0.110471 0.99
843 0.137374 0.99
844 0.237298 0.98
845 0.327599 0.97
846 0.403891 0.96
847 0.317268 0.97
848 0.260872 0.97
849 0.172791 0.97
850 0.105424 0.99
851 0.285236 0.97
852 0.245179 0.97
853 0.18545 0.98
854 0.30347 0.97
855 0.0199426 1.0
856 0.244139 0.97
857 0.0768039 0.99
858 0.0575397 1.0
859 0.101179 0.98
860 0.14673 1.0
861 0.235425 0.98
862 0.134808 0.99
863 0.158754 0.98
864 0.365985 0.95
865 0.086701 1.0
866 0.285154 0.96
867 0.160186 0.98
868 0.283688 0.95
869 0.157862 0.99
870 0.287746 0.97
871 0.103768 1.0
872 0.192373 0.98
873 0.0478745 1.0
874 0.10423 0.99
875 0.352762 0.95
876 0.174759 0.97
877 0.0596181 1.0
878 0.290593 0.95
879 0.129999 1.0
880 0.114052 0.99
881 0.352446 0.97
882 0.185649 0.98
883 0.229467 0.97
884 0.168571 0.98
885 0.13887 0.98
886 0.151771 0.99
887 0.321539 0.97
888 0.213098 0.97
889 0.133795 0.98
890 0.200061 0.98
891 0.218595 0.97
892 0.237022 0.97
893 0.223854 0.98
894 0.0818513 1.0
895 0.282064 0.96
896 0.0312932 1.0
897 0.032888 1.0
898 0.251228 0.97
899 0.0899665 0.99
900 0.286338 0.97
901 0.237945 0.97
902 0.581132 0.95
903 0.232991 0.98
904 0.332935 0.96
905 0.186234 0.98
906 0.260623 0.97
907 0.117765 0.98
908 0.209793 0.96
909 0.204519 0.98
910 0.233459 0.96
911 0.387927 0.99
912 0.156121 0.99
913 0.27721 0.97
914 0.21084 0.98
915 0.263256 0.97
916 0.370968 0.96
917 0.109233 0.98
918 0.311899 0.95
919 0.271213 0.99
920 0.160401 0.99
921 0.232183 0.97
922 0.335921 0.96
923 0.147695 0.99
924 0.167209 0.99
925 0.509936 0.95
926 0.369089 0.98
927 0.295744 0.96
928 0.241504 0.99
929 0.0629146 1.0
930 0.228501 0.96
931 0.169035 0.99
932 0.176147 0.98
933 0.0914597 1.0
934 0.202024 0.99
935 0.305986 0.97
936 0.412359 0.96
937 0.182811 0.99
938 0.0636613 1.0
939 0.164652 0.99
940 0.118792 0.99
941 0.253388 0.99
942 0.299523 0.98
943 0.275911 0.97
944 0.270541 0.97
945 0.140529 0.99
946 0.337133 0.97
947 0.237427 0.98
948 0.106013 0.99
949 0.141356 0.99
950 0.315998 0.98
951 0.304992 0.99
952 0.166422 0.98
953 0.217168 0.98
954 0.0738758 1.0
955 0.186812 0.99
956 0.201132 0.98
957 0.23591 0.98
958 0.511734 0.97
959 0.216399 0.98
960 0.147188 0.99
961 0.186409 0.97
962 0.0491269 1.0
963 0.442598 0.95
964 0.243747 0.98
965 0.061593 1.0
966 0.151185 0.98
967 0.245524 0.98
968 0.0792845 1.0
969 0.180205 0.98
970 0.0913316 0.99
971 0.166287 0.99
972 0.227999 0.98
973 0.422789 0.96
974 0.194742 0.99
975 0.370367 0.94
976 0.142989 0.99
977 0.231409 0.97
978 0.352922 0.98
979 0.0597798 1.0
980 0.212582 0.98
981 0.2068 0.98
982 0.179924 0.98
983 0.0547695 1.0
984 0.193682 0.98
985 0.143254 0.98
986 0.157328 0.98
987 0.50878 0.94
988 0.190068 0.97
989 0.0409107 1.0
990 0.289765 0.98
991 0.0562792 1.0
992 0.125807 0.98
993 0.490157 0.95
994 0.273752 0.98
995 0.108151 0.99
996 0.211233 0.98
997 0.31165 0.97
998 0.272946 0.97
999 0.167868 0.99
1000 0.281633 0.97
1001 0.0852978 0.99
1002 0.0239349 1.0
1003 0.111858 0.97
1004 0.188072 0.98
1005 0.5428 0.97
1006 0.211467 0.96
1007 0.34589 0.98
1008 0.162162 0.98
1009 0.367975 0.96
1010 0.445856 0.96
1011 0.181998 0.98
1012 0.123803 0.98
1013 0.150645 0.98
1014 0.244958 0.97
1015 0.187322 0.99
1016 0.240498 0.99
1017 0.188159 0.98
1018 0.225533 0.98
1019 0.184362 0.97
1020 0.0918366 1.0
1021 0.0685931 0.99
1022 0.11242 1.0
1023 0.200093 0.98
1024 0.249426 0.97
1025 0.166714 0.98
1026 0.0491063 1.0
1027 0.123673 0.98
1028 0.295737 0.94
1029 0.261667 0.98
1030 0.136471 0.99
1031 0.118434 0.99
1032 0.0555886 1.0
1033 0.101326 0.99
1034 0.250631 0.98
1035 0.106381 0.98
1036 0.291733 0.98
1037 0.389938 0.96
1038 0.281192 0.97
1039 0.190926 0.97
1040 0.208754 0.97
1041 0.0812497 1.0
1042 0.219301 0.98
1043 0.10268 0.98
1044 0.14954 0.97
1045 0.168262 0.98
1046 0.193557 0.99
1047 0.327128 0.96
1048 0.118061 0.99
1049 0.115096 0.99
1050 0.277565 0.97
1051 0.22522 0.97
1052 0.237954 0.97
1053 0.0745404 0.99
1054 0.0904275 1.0
1055 0.288195 0.97
1056 0.185738 0.98
1057 0.133312 0.98
1058 0.0991811 0.99
1059 0.424619 0.94
1060 0.190659 0.98
1061 0.0546858 1.0
1062 0.104795 1.0
1063 0.258682 0.98
1064 0.134536 0.99
1065 0.214714 0.98
1066 0.195829 0.98
1067 0.132444 1.0
1068 0.385616 0.95
1069 0.176501 0.97
1070 0.105558 0.98
1071 0.247318 0.97
1072 0.428285 0.94
1073 0.0286223 1.0
1074 0.263222 0.97
1075 0.386417 0.96
1076 0.17865 0.98
1077 0.262687 0.97
1078 0.151182 0.99
1079 0.336331 0.97
1080 0.129605 0.99
1081 0.113433 0.99
1082 0.146371 0.98
1083 0.290896 0.94
1084 0.0978048 0.99
1085 0.071687 1.0
1086 0.249715 0.99
1087 0.067727 0.99
1088 0.132651 0.99
1089 0.0771935 1.0
1090 0.359316 0.97
1091 0.252543 0.97
1092 0.0779467 0.99
1093 0.173323 0.97
1094 0.0438161 0.99
1095 0.255727 0.97
1096 0.136285 0.99
1097 0.282684 0.97
1098 0.149273 0.98
1099 0.121699 0.97
1100 0.204344 0.98
1101 0.202553 0.99
1102 0.258685 0.97
1103 0.277029 0.99
1104 0.218242 0.98
1105 0.242292 0.98
1106 0.231718 0.96
1107 0.304033 0.96
1108 0.0839157 0.99
1109 0.152656 0.97
1110 0.172863 0.98
1111 0.345315 0.95
1112 0.118571 0.99
1113 0.292441 0.97
1114 0.605822 0.94
1115 0.112751 1.0
1116 0.290232 0.97
1117 0.116781 0.98
1118 0.254412 0.97
1119 0.226229 0.98
1120 0.295177 0.96
1121 0.162804 0.99
1122 0.230881 0.98
1123 0.107228 0.98
1124 0.151144 0.98
1125 0.167577 0.98
1126 0.0962743 0.99
1127 0.198434 0.98
1128 0.0941838 1.0
1129 0.193105 0.99
1130 0.103604 0.99
1131 0.0617088 1.0
1132 0.155144 0.98
1133 0.261854 0.97
1134 0.100501 0.98
1135 0.0871009 0.98
1136 0.0869917 0.99
1137 0.24073 0.98
1138 0.129444 1.0
1139 0.179111 0.97
1140 0.310749 0.97
1141 0.238009 0.98
1142 0.0606603 1.0
1143 0.0995172 0.98
1144 0.307247 0.96
1145 0.317249 0.98
1146 0.221975 0.98
1147 0.138586 0.98
1148 0.166001 0.99
1149 0.165152 0.98
1150 0.151351 0.98
1151 0.133288 0.99
1152 0.372375 0.95
1153 0.148604 0.99
1154 0.206465 0.98
1155 0.12182 0.99
1156 0.168059 0.99
1157 0.178915 0.97
1158 0.0640635 0.99
1159 0.131586 0.99
1160 0.126164 0.99
1161 0.0928796 1.0
1162 0.142036 0.99
1163 0.0726136 0.99
1164 0.275906 0.96
1165 0.106391 0.99
1166 0.0777898 0.99
1167 0.210325 0.97
1168 0.0889426 1.0
1169 0.211281 0.98
1170 0.0556423 1.0
1171 0.102343 0.98
1172 0.0473898 1.0
1173 0.239267 0.96
1174 0.0572401 1.0
1175 0.114166 0.98
1176 0.522664 0.95
1177 0.153111 0.97
1178 0.044712 1.0
1179 0.22261 0.98
1180 0.135015 0.98
1181 0.130613 0.99
1182 0.0152106 1.0
1183 0.267314 0.96
1184 0.317995 0.96
1185 0.12347 1.0
1186 0.272052 0.96
1187 0.188668 0.99
1188 0.192162 0.98
1189 0.359929 0.97
1190 0.15449 0.99
1191 0.286521 0.97
1192 0.297967 0.97
1193 0.3539 0.96
1194 0.0897599 1.0
1195 0.132117 0.99
1196 0.115069 0.98
1197 0.0975537 1.0
1198 0.0631353 1.0
1199 0.0284155 1.0
1200 0.104848 0.99
1201 0.110704 0.97
1202 0.576548 0.96
1203 0.374676 0.95
1204 0.12827 0.99
1205 0.164415 0.98
1206 0.241709 0.97
1207 0.20107 0.99
1208 0.136805 0.98
1209 0.115298 0.98
1210 0.181636 0.98
1211 0.22686 0.98
1212 0.106912 0.99
1213 0.18418 0.97
1214 0.199712 0.98
1215 0.138142 0.97
1216 0.0768115 0.98
1217 0.0878905 1.0
1218 0.164844 0.98
1219 0.229431 0.98
1220 0.170293 0.98
1221 0.188921 0.97
1222 0.117188 0.99
1223 0.08356 0.99
1224 0.103683 0.99
1225 0.0808328 0.99
1226 0.121566 0.99
1227 0.180315 0.98
1228 0.112161 0.97
1229 0.0922214 1.0
1230 0.175675 0.97
1231 0.050872 1.0
1232 0.18093 0.96
1233 0.136703 0.98
1234 0.150629 0.98
1235 0.234326 0.96
1236 0.133564 0.99
1237 0.143825 0.98
1238 0.0387966 1.0
1239 0.169613 0.99
1240 0.073223 0.99
1241 0.0741539 1.0
1242 0.103001 1.0
1243 0.511987 0.98
1244 0.14772 0.98
1245 0.116735 0.99
1246 0.150452 0.99
1247 0.28552 0.98
1248 0.193797 0.99
1249 0.143138 0.98
1250 0.120036 0.99
1251 0.0853323 0.99
1252 0.107779 0.99
1253 0.0681515 1.0
1254 0.162146 0.99
1255 0.160978 0.99
1256 0.307479 0.96
1257 0.342559 0.96
1258 0.0886562 0.99
1259 0.147132 0.98
1260 0.215375 0.96
1261 0.202158 0.98
1262 0.0941285 0.98
1263 0.168715 0.98
1264 0.0981254 0.98
1265 0.06501 1.0
1266 0.183579 0.98
1267 0.122377 0.99
1268 0.188379 0.98
1269 0.221804 0.99
1270 0.0990273 0.99
1271 0.0916184 1.0
1272 0.13856 0.99
1273 0.072301 0.99
1274 0.1694 0.99
1275 0.0748484 1.0
1276 0.111896 0.98
1277 0.227373 0.97
1278 0.10964 0.99
1279 0.230254 0.97
1280 0.30598 0.98
1281 0.1281 0.99
1282 0.0463303 1.0
1283 0.0288173 1.0
1284 0.130959 0.98
1285 0.0877226 0.99
1286 0.15895 0.99
1287 0.085113 0.99
1288 0.218034 0.98
1289 0.0893131 0.99
1290 0.204766 0.98
1291 0.361101 0.93
1292 0.318683 0.96
1293 0.282859 0.99
1294 0.0825205 1.0
1295 0.104982 0.99
1296 0.297642 0.98
1297 0.311068 0.98
1298 0.222285 0.97
1299 0.0749709 0.99
1300 0.300019 0.97
1301 0.0578237 1.0
1302 0.239352 0.98
1303 0.103716 0.99
1304 0.183987 0.98
1305 0.248104 0.98
1306 0.222493 0.98
1307 0.0747482 0.99
1308 0.180277 0.98
1309 0.0560769 1.0
1310 0.3088 0.96
1311 0.413375 0.98
1312 0.237728 0.97
1313 0.135179 0.98
1314 0.19806 0.98
1315 0.136157 0.99
1316 0.25367 0.97
1317 0.220062 0.98
1318 0.189163 0.98
1319 0.193491 0.97
1320 0.279279 0.97
1321 0.13196 0.99
1322 0.374574 0.98
1323 0.180725 0.98
1324 0.174343 0.97
1325 0.0607309 0.99
1326 0.146756 0.99
1327 0.126835 0.98
1328 0.0825225 0.99
1329 0.301047 0.98
1330 0.223422 0.97
1331 0.237235 0.97
1332 0.133222 0.98
1333 0.241516 0.97
1334 0.184944 0.98
1335 0.0580754 1.0
1336 0.22546 0.98
1337 0.108601 0.99
1338 0.0833079 0.99
1339 0.0956102 1.0
1340 0.195494 0.99
1341 0.0862742 0.99
1342 0.112246 1.0
1343 0.115231 0.99
1344 0.207773 0.98
1345 0.101486 0.99
1346 0.0899812 0.99
1347 0.0692876 0.99
1348 0.200124 0.98
1349 0.147149 0.98
1350 0.263072 0.97
1351 0.36204 0.97
1352 0.207987 0.98
1353 0.210073 0.97
1354 0.0946008 1.0
1355 0.118146 0.98
1356 0.234305 0.97
1357 0.163506 0.98
1358 0.303039 0.95
1359 0.273039 0.97
1360 0.218443 0.96
1361 0.0348945 1.0
1362 0.0868035 0.98
1363 0.136009 0.98
1364 0.0817387 0.99
1365 0.0954146 0.99
1366 0.165268 0.99
1367 0.0984044 1.0
1368 0.0641397 0.99
1369 0.117245 0.98
1370 0.117626 0.99
1371 0.081482 0.99
1372 0.257512 0.97
1373 0.10657 1.0
1374 0.0923241 0.99
1375 0.106512 0.99
1376 0.301527 0.96
1377 0.172934 0.98
1378 0.153803 0.99
1379 0.200919 0.97
1380 0.0769448 1.0
1381 0.153055 0.98
1382 0.099058 0.99
1383 0.0945088 0.99
1384 0.030239 1.0
1385 0.1284 0.99
1386 0.327515 0.98
1387 0.283067 0.98
1388 0.129505 0.99
1389 0.114055 0.98
1390 0.147756 0.98
1391 0.212423 0.99
1392 0.144984 0.98
1393 0.138187 0.98
1394 0.160156 0.98
1395 0.10691 0.97
1396 0.131673 0.98
1397 0.136369 0.99
1398 0.163876 0.99
1399 0.191674 0.97
1400 0.2628 0.97
1401 0.105747 0.99
1402 0.077416 1.0
1403 0.089058 0.99
1404 0.303464 0.97
1405 0.242243 0.96
1406 0.153585 1.0
1407 0.295534 0.96
1408 0.0716873 0.99
1409 0.0972347 0.99
1410 0.0696277 0.99
1411 0.23354 0.97
1412 0.185484 0.97
1413 0.0742252 1.0
1414 0.171595 0.99
1415 0.244893 0.98
1416 0.136509 0.98
1417 0.178915 0.97
1418 0.264174 0.97
1419 0.0580081 1.0
1420 0.0420798 1.0
1421 0.0545119 1.0
1422 0.207106 0.97
1423 0.231856 0.99
1424 0.187203 0.97
1425 0.118002 0.98
1426 0.124796 1.0
1427 0.0684362 1.0
1428 0.274104 0.96
1429 0.137674 0.99
1430 0.142233 0.98
1431 0.0360933 1.0
1432 0.12746 0.99
1433 0.0728517 0.99
1434 0.234549 0.97
1435 0.159661 0.99
1436 0.0777338 0.98
1437 0.297429 0.97
1438 0.026503 1.0
1439 0.250474 0.97
1440 0.0571246 1.0
1441 0.206518 0.96
1442 0.214703 0.98
1443 0.113042 1.0
1444 0.141202 0.99
1445 0.111829 0.98
1446 0.13569 0.99
1447 0.167291 0.97
1448 0.325669 0.96
1449 0.112528 0.99
1450 0.25705 0.97
1451 0.267363 0.98
1452 0.0729417 1.0
1453 0.0487108 1.0
1454 0.104696 0.99
1455 0.334778 0.95
1456 0.173957 0.99
1457 0.167174 0.99
1458 0.140214 0.97
1459 0.135591 0.99
1460 0.151219 0.98
1461 0.140913 0.98
1462 0.197489 0.97
1463 0.0751427 1.0
1464 0.181689 0.98
1465 0.255393 0.97
1466 0.41605 0.97
1467 0.28628 0.98
1468 0.168978 0.99
1469 0.1114 0.97
1470 0.186282 0.97
1471 0.0879113 0.99
1472 0.309309 0.98
1473 0.22589 0.97
1474 0.0681095 1.0
1475 0.156387 0.96
1476 0.0915959 1.0
1477 0.181196 0.99
1478 0.269609 0.98
1479 0.204389 0.98
1480 0.110338 1.0
1481 0.0827326 0.98
1482 0.0535099 1.0
1483 0.178317 0.98
1484 0.102176 0.99
1485 0.348659 0.95
1486 0.328141 0.96
1487 0.0396289 1.0
1488 0.163239 0.99
1489 0.0208228 1.0
1490 0.0939194 0.99
1491 0.0603574 1.0
1492 0.188421 0.98
1493 0.192457 0.97
1494 0.0803069 0.99
1495 0.21422 0.97
1496 0.156348 0.99
1497 0.0437612 1.0
1498 0.0844106 0.99
1499 0.145272 0.98
1500 0.0798612 0.99
