1 44.9976 0.13
2 87.4092 0.24
3 73.3735 0.46
4 45.8535 0.46
5 40.2365 0.47
6 36.6433 0.41
7 30.8515 0.42
8 20.6412 0.44
9 14.3838 0.64
10 10.5418 0.74
11 10.4896 0.64
12 6.85145 0.78
13 7.33372 0.65
14 5.27135 0.71
15 5.06676 0.75
16 5.27973 0.73
17 4.59502 0.76
18 3.65165 0.74
19 3.47585 0.74
20 3.27766 0.77
21 3.68598 0.75
22 2.52895 0.82
23 3.00714 0.76
24 2.86407 0.8
25 3.39329 0.75
26 2.39108 0.86
27 2.62536 0.82
28 2.95907 0.76
29 2.38914 0.85
30 2.06215 0.87
31 2.5334 0.83
32 1.80126 0.87
33 2.29226 0.79
34 2.54171 0.85
35 1.99811 0.87
36 1.75196 0.89
37 2.17697 0.86
38 2.06617 0.88
39 1.38838 0.91
40 1.64992 0.89
41 2.00428 0.86
42 2.25528 0.87
43 1.69372 0.9
44 1.66476 0.91
45 1.45037 0.9
46 1.40246 0.91
47 2.75467 0.83
48 2.28944 0.87
49 1.82688 0.88
50 1.64344 0.93
51 1.51227 0.89
52 2.11054 0.82
53 1.54652 0.91
54 1.76779 0.85
55 0.937072 0.94
56 1.65808 0.92
57 1.67585 0.88
58 1.60787 0.86
59 1.98624 0.92
60 1.08699 0.93
61 1.07628 0.92
62 1.3048 0.9
63 1.46294 0.9
64 0.996667 0.96
65 1.55089 0.9
66 0.870431 0.92
67 0.974167 0.94
68 0.88629 0.94
69 2.26388 0.85
70 1.55809 0.87
71 1.53385 0.92
72 1.08327 0.95
73 2.13252 0.84
74 1.56322 0.88
75 1.45291 0.93
76 1.07909 0.93
77 1.15612 0.92
78 1.19841 0.9
79 1.56875 0.91
80 1.373 0.86
81 1.49987 0.88
82 1.42965 0.91
83 2.16706 0.86
84 0.647845 0.98
85 1.5319 0.9
86 0.585042 0.97
87 1.28207 0.91
88 2.17787 0.86
89 1.99797 0.85
90 1.75166 0.89
91 0.89877 0.97
92 1.341 0.91
93 1.2356 0.92
94 1.21176 0.9
95 1.68411 0.92
96 1.27976 0.91
97 1.24568 0.91
98 1.24165 0.92
99 0.749633 0.95
100 0.671524 0.97
101 1.32402 0.92
102 1.20382 0.93
103 2.61058 0.79
104 0.867815 0.92
105 0.94951 0.92
106 0.671702 0.94
107 0.50253 0.94
108 1.69674 0.87
109 0.972515 0.93
110 1.41132 0.91
111 0.831059 0.89
112 0.885887 0.95
113 1.08971 0.93
114 0.950743 0.93
115 0.606274 0.97
116 1.90078 0.87
117 1.81083 0.87
118 1.76989 0.89
119 0.872667 0.95
120 0.918787 0.92
121 0.959718 0.93
122 0.963231 0.93
123 1.19003 0.93
124 1.24111 0.93
125 1.15056 0.92
126 1.82375 0.9
127 1.96078 0.87
128 1.39547 0.91
129 0.73991 0.95
130 1.31484 0.93
131 1.98408 0.83
132 1.72774 0.89
133 0.314877 1.0
134 0.865639 0.95
135 0.747938 0.96
136 0.95874 0.92
137 0.708535 0.93
138 1.39579 0.87
139 0.943325 0.92
140 1.73778 0.85
141 0.903337 0.94
142 1.39041 0.89
143 1.29201 0.9
144 1.43394 0.9
145 0.860614 0.95
146 1.19821 0.89
147 1.13699 0.92
148 1.74105 0.86
149 1.22551 0.91
150 0.694984 0.95
151 0.733945 0.95
152 1.14624 0.9
153 0.875419 0.94
154 0.904501 0.93
155 1.15636 0.93
156 0.788688 0.95
157 0.674964 0.95
158 1.50506 0.9
159 1.01713 0.91
160 1.26964 0.93
161 1.08789 0.92
162 1.06102 0.91
163 0.556359 0.96
164 1.04515 0.93
165 0.759234 0.93
166 0.737711 0.96
167 1.11389 0.92
168 1.09835 0.92
169 0.646515 0.97
170 0.684653 0.95
171 0.869913 0.95
172 0.767069 0.94
173 1.2847 0.94
174 0.394316 0.99
175 0.814091 0.94
176 1.41088 0.91
177 0.685934 0.94
178 0.893597 0.96
179 0.91954 0.93
180 0.793168 0.92
181 1.06978 0.92
182 0.457458 0.96
183 0.37813 0.98
184 0.750715 0.93
185 0.858695 0.93
186 0.706636 0.95
187 0.689927 0.94
188 0.597623 0.96
189 0.353083 0.97
190 0.313097 0.99
191 0.774489 0.96
192 1.13255 0.91
193 0.738442 0.95
194 0.660429 0.93
195 0.613167 0.95
196 0.894609 0.95
197 0.210365 1.0
198 0.273398 0.99
199 0.692165 0.94
200 0.47468 0.96
201 1.01648 0.93
202 1.04747 0.93
203 1.04224 0.94
204 0.721751 0.97
205 0.166612 1.0
206 0.386234 0.97
207 1.08073 0.94
208 1.29481 0.93
209 0.631403 0.94
210 1.13284 0.89
211 1.04719 0.96
212 0.578161 0.95
213 0.437886 0.98
214 1.03414 0.94
215 0.677633 0.96
216 0.555043 0.97
217 0.54083 0.95
218 0.514915 0.96
219 0.546592 0.97
220 0.85895 0.95
221 0.313104 0.98
222 0.828375 0.93
223 0.82277 0.93
224 0.365486 0.97
225 0.346935 0.99
226 0.822564 0.93
227 0.914654 0.92
228 0.804714 0.97
229 0.450288 0.97
230 0.310154 0.98
231 0.769602 0.95
232 0.779901 0.96
233 0.312812 0.98
234 0.585296 0.95
235 0.453895 0.97
236 0.55597 0.98
237 0.518264 0.95
238 0.767215 0.93
239 0.651265 0.95
240 0.969058 0.96
241 0.384421 0.98
242 0.332153 0.95
243 0.779016 0.93
244 0.439925 0.97
245 0.630944 0.93
246 0.815433 0.95
247 0.697847 0.93
248 0.953664 0.96
249 0.382293 0.97
250 0.441774 0.95
251 0.339287 0.98
252 0.539667 0.95
253 0.703557 0.96
254 0.332006 0.97
255 0.416236 0.97
256 0.584934 0.96
257 0.621094 0.96
258 0.533158 0.97
259 0.528229 0.96
260 0.651846 0.94
261 0.27163 0.98
262 0.290056 0.98
263 0.424563 0.96
264 0.876674 0.91
265 0.559289 0.96
266 0.760261 0.96
267 0.975154 0.96
268 1.08874 0.9
269 0.81614 0.97
270 0.223503 0.98
271 0.315759 0.97
272 0.725793 0.95
273 0.441762 0.96
274 0.336715 0.96
275 0.458363 0.95
276 0.560247 0.97
277 0.698379 0.94
278 0.414105 0.98
279 0.618731 0.96
280 0.28776 0.98
281 0.738914 0.94
282 0.87887 0.95
283 0.316623 0.99
284 0.782866 0.94
285 0.511955 0.96
286 0.390376 0.99
287 1.11966 0.92
288 1.08654 0.95
289 0.607445 0.95
290 0.441704 0.97
291 0.419229 0.97
292 0.573916 0.96
293 0.616874 0.94
294 0.5581 0.95
295 0.553211 0.97
296 0.499534 0.95
297 0.676308 0.95
298 0.662328 0.98
299 0.844448 0.93
300 0.670851 0.94
301 0.393292 0.99
302 0.494553 0.97
303 0.264545 0.97
304 0.305388 0.98
305 0.447432 0.96
306 1.16789 0.9
307 0.895573 0.94
308 0.380951 0.97
309 0.453276 0.97
310 0.893283 0.94
311 0.402076 0.99
312 0.827853 0.94
313 0.561877 0.95
314 0.898643 0.93
315 0.335306 0.96
316 0.691106 0.94
317 0.399055 0.98
318 1.02948 0.91
319 0.575602 0.96
320 0.490004 0.98
321 0.455699 0.98
322 0.418716 0.98
323 0.638267 0.96
324 0.400741 1.0
325 1.11574 0.92
326 0.350976 0.98
327 0.247415 0.98
328 0.415508 0.96
329 0.669023 0.96
330 0.300875 0.97
331 0.434208 0.97
332 0.485833 0.96
333 0.24628 0.99
334 0.723659 0.94
335 0.419891 0.98
336 0.381103 0.97
337 0.326643 0.97
338 0.490573 0.95
339 0.204008 0.99
340 0.18066 1.0
341 0.562135 0.97
342 0.257502 0.99
343 0.302642 0.97
344 0.552493 0.96
345 0.660794 0.98
346 0.762713 0.96
347 0.781983 0.95
348 0.652601 0.95
349 0.45828 0.97
350 0.639519 0.95
351 0.354577 0.97
352 0.403005 0.96
353 0.450183 0.97
354 0.257141 0.98
355 1.00952 0.95
356 0.167692 0.98
357 0.658041 0.97
358 0.461098 0.98
359 0.430857 0.97
360 0.377368 0.98
361 0.670045 0.93
362 0.765004 0.96
363 0.412645 0.97
364 0.380942 0.98
365 0.913636 0.95
366 0.206436 0.98
367 0.157582 0.99
368 0.761879 0.94
369 0.516638 0.94
370 0.166009 0.99
371 0.940126 0.95
372 0.300811 0.97
373 0.469551 0.98
374 1.24507 0.93
375 1.34344 0.95
376 0.578124 0.95
377 0.314892 0.98
378 1.05654 0.92
379 0.848541 0.93
380 0.451286 0.96
381 1.03095 0.92
382 0.38351 0.97
383 0.403531 0.96
384 0.591875 0.95
385 0.307144 0.99
386 0.815129 0.93
387 0.548366 0.97
388 0.856339 0.97
389 0.327327 0.98
390 0.681937 0.94
391 0.226815 0.99
392 0.807308 0.95
393 0.604783 0.96
394 1.6056 0.89
395 0.902922 0.93
396 0.266043 1.0
397 0.803101 0.92
398 0.29138 0.98
399 0.436014 0.97
400 0.693892 0.95
401 0.360184 0.97
402 0.502821 0.99
403 0.338178 0.97
404 0.426691 0.97
405 0.370744 0.98
406 0.469009 0.97
407 0.445427 0.94
408 0.397651 0.99
409 0.197577 0.98
410 0.583182 0.97
411 0.305122 0.96
412 0.270266 0.99
413 0.744587 0.96
414 0.728365 0.97
415 0.600905 0.96
416 0.429969 0.98
417 0.474928 0.96
418 0.235514 0.98
419 0.258944 0.95
420 0.350722 0.96
421 0.307465 0.96
422 0.49633 0.96
423 0.288163 0.98
424 0.523253 0.94
425 0.821725 0.93
426 0.964243 0.95
427 0.487216 0.95
428 0.48165 0.97
429 0.782957 0.97
430 0.638748 0.94
431 0.377084 0.98
432 0.425923 0.98
433 0.443284 0.97
434 0.276287 0.98
435 0.543504 0.97
436 0.348104 0.96
437 0.449278 0.96
438 0.236434 1.0
439 0.548995 0.98
440 0.506075 0.97
441 0.567674 0.96
442 0.507319 0.93
443 0.405805 0.95
444 0.447898 0.98
445 0.578398 0.96
446 0.307694 0.97
447 0.171543 0.99
448 0.288685 0.98
449 0.534134 0.96
450 0.279783 0.97
451 0.5985 0.97
452 0.631248 0.96
453 0.228106 0.99
454 0.384836 0.98
455 0.521539 0.97
456 0.757968 0.94
457 0.310216 0.97
458 0.383636 0.97
459 0.773704 0.95
460 0.461672 0.96
461 0.748894 0.95
462 0.253464 0.99
463 1.03256 0.94
464 0.915753 0.92
465 0.39658 0.96
466 0.156938 1.0
467 0.360822 0.98
468 0.868778 0.92
469 0.441374 0.94
470 0.243965 0.99
471 0.62267 0.94
472 0.37265 0.99
473 0.976498 0.91
474 0.418788 0.97
475 1.27655 0.92
476 0.284751 0.98
477 0.720051 0.95
478 0.446047 0.98
479 0.36663 0.96
480 0.39181 0.98
481 0.881829 0.94
482 0.501545 0.95
483 0.42317 0.97
484 0.365253 0.95
485 0.175158 0.99
486 0.469893 0.97
487 0.331871 0.98
488 0.180438 1.0
489 0.249025 0.98
490 0.831222 0.96
491 0.72318 0.96
492 0.449385 0.96
493 0.501823 0.96
494 0.0766655 1.0
495 0.614333 0.94
496 1.18884 0.89
497 0.272197 0.99
498 0.139822 1.0
499 0.75705 0.93
500 0.367237 0.97
501 0.590781 0.97
502 0.481921 0.97
503 0.495396 0.95
504 0.649683 0.94
505 0.484518 0.95
506 0.467851 0.98
507 0.336778 0.99
508 0.260544 0.99
509 0.726295 0.95
510 0.772474 0.95
511 0.169738 0.98
512 0.26999 0.97
513 0.393001 0.98
514 0.0740695 1.0
515 0.488398 0.95
516 0.299739 0.98
517 0.528469 0.96
518 0.373118 0.97
519 0.173132 0.98
520 0.615276 0.97
521 0.402393 0.96
522 0.246839 0.98
523 0.336022 0.97
524 0.346381 0.98
525 0.272605 0.99
526 0.286449 0.98
527 0.508912 0.96
528 0.140129 0.99
529 0.492982 0.97
530 0.207486 0.99
531 0.56925 0.97
532 0.780365 0.95
533 0.411832 0.97
534 0.0955252 0.99
535 0.630518 0.95
536 0.511139 0.97
537 0.207862 0.99
538 0.268037 0.97
539 0.442606 0.98
540 0.188253 0.98
541 0.169818 1.0
542 0.402047 0.97
543 0.470985 0.96
544 0.381447 0.98
545 0.849132 0.95
546 0.273005 0.97
547 0.251568 0.98
548 0.209913 0.99
549 0.448981 0.96
550 0.598843 0.97
551 0.142697 0.99
552 0.203863 0.98
553 0.671629 0.93
554 0.421893 0.98
555 0.523923 0.97
556 0.369841 0.97
557 0.455811 0.99
558 0.170713 0.99
559 0.255604 0.98
560 0.285778 0.99
561 0.44037 0.96
562 0.170358 0.99
563 0.431071 0.95
564 0.250294 0.97
565 0.103109 1.0
566 0.206582 0.99
567 0.755373 0.95
568 0.128305 0.99
569 0.590904 0.94
570 0.060675 1.0
571 0.277037 0.98
572 0.377222 0.96
573 0.191102 0.99
574 0.852552 0.93
575 0.306872 0.98
576 0.716472 0.96
577 0.270419 0.98
578 0.551924 0.98
579 0.461411 0.97
580 0.428971 0.98
581 0.170234 0.98
582 0.356896 0.98
583 0.44499 0.98
584 0.161161 0.99
585 0.465489 0.97
586 0.363364 0.98
587 0.705832 0.96
588 0.367251 0.96
589 0.460371 0.95
590 0.187692 0.98
591 0.198033 0.98
592 0.131756 1.0
593 0.257682 0.99
594 0.357332 0.97
595 0.276602 0.97
596 0.180649 0.98
597 0.223237 0.99
598 0.270422 0.98
599 0.44545 0.95
600 0.260166 0.98
601 0.666039 0.96
602 0.113411 1.0
603 0.291544 0.98
604 0.338708 0.95
605 0.404478 0.97
606 0.458447 0.96
607 0.1763 0.98
608 0.524107 0.96
609 0.178776 1.0
610 0.313341 0.96
611 0.280822 0.97
612 0.622476 0.98
613 0.374594 0.96
614 0.428563 0.98
615 0.349235 0.99
616 0.301239 0.99
617 0.511637 0.96
618 0.43917 0.96
619 0.156982 0.98
620 0.276413 0.99
621 0.325536 0.96
622 0.453723 0.97
623 0.328241 0.99
624 0.3503 0.98
625 0.226438 0.98
626 0.51377 0.95
627 0.361739 0.97
628 0.0844391 1.0
629 0.402656 0.98
630 0.331652 0.96
631 0.401938 0.95
632 0.401227 0.99
633 0.398601 0.97
634 0.193512 0.99
635 0.500196 0.97
636 0.300865 0.96
637 0.383251 0.97
638 0.115505 0.99
639 0.343116 0.99
640 0.443474 0.96
641 0.15534 0.99
642 0.411846 0.96
643 0.33228 0.98
644 0.271774 0.98
645 0.219027 0.98
646 0.339757 0.99
647 0.329417 0.98
648 0.185089 0.99
649 0.310756 0.99
650 0.159525 0.99
651 0.329439 0.98
652 0.33756 0.95
653 0.520102 0.98
654 1.19592 0.93
655 0.201508 0.99
656 0.323659 0.99
657 0.294542 0.98
658 0.403502 0.96
659 0.215412 0.98
660 0.373916 0.93
661 0.649885 0.97
662 0.359619 0.96
663 0.107746 1.0
664 0.234033 0.98
665 0.252589 0.98
666 0.430772 0.97
667 0.671742 0.94
668 0.163674 0.98
669 0.141972 0.99
670 0.273389 0.97
671 0.532717 0.97
672 0.434296 0.96
673 0.151788 0.98
674 0.349049 0.97
675 0.282973 0.98
676 0.500734 0.96
677 0.14336 0.99
678 0.0939743 1.0
679 0.358749 0.97
680 0.702122 0.97
681 0.392298 0.96
682 0.314898 0.96
683 0.0606863 1.0
684 0.345368 0.97
685 0.0984431 1.0
686 0.721299 0.95
687 0.25061 0.97
688 0.161929 0.99
689 0.287291 0.97
690 0.219451 0.99
691 0.253481 0.98
692 0.164898 0.99
693 0.354018 0.97
694 0.141246 0.98
695 0.266602 0.99
696 0.216391 0.99
697 0.301152 0.97
698 0.434532 0.96
699 0.247179 0.98
700 0.347984 0.98
701 0.624788 0.97
702 0.987781 0.95
703 0.139045 0.99
704 0.185846 0.99
705 0.238045 0.97
706 0.391827 0.98
707 0.117891 1.0
708 0.34881 0.97
709 0.159984 0.99
710 0.512654 0.96
711 0.372298 0.98
712 0.113096 1.0
713 0.219 0.99
714 0.132156 0.99
715 0.236691 0.98
716 0.629217 0.96
717 0.269454 0.98
718 0.152334 0.99
719 0.193152 0.99
720 0.2158 0.99
721 0.150423 0.99
722 0.401417 0.96
723 0.0878846 1.0
724 0.293675 0.98
725 0.133323 1.0
726 0.438487 0.96
727 0.310901 0.98
728 0.640198 0.96
729 0.137615 1.0
730 0.117155 0.99
731 0.0591517 0.99
732 0.1322 1.0
733 0.249336 0.98
734 0.395384 0.97
735 0.17561 1.0
736 0.278303 0.98
737 0.251282 0.97
738 0.607153 0.97
739 0.370845 0.96
740 0.0686923 1.0
741 0.357926 0.98
742 0.207652 0.98
743 0.222466 0.99
744 0.570378 0.98
745 0.231155 0.99
746 0.776003 0.95
747 0.355225 0.98
748 0.253923 0.98
749 0.0775377 1.0
750 0.0793673 0.99
751 0.0952743 1.0
752 0.239943 0.98
753 0.297364 0.97
754 0.18766 0.98
755 0.57033 0.97
756 0.222856 0.98
757 0.274208 0.98
758 0.350482 0.97
759 0.382443 0.97
760 0.102534 1.0
761 0.37795 0.95
762 0.129688 0.99
763 0.160828 0.98
764 0.134987 0.99
765 0.349331 0.97
766 0.355936 0.97
767 0.161947 0.99
768 0.517328 0.95
769 0.186654 0.99
770 0.75729 0.94
771 0.315943 0.98
772 0.273003 0.98
773 0.0833902 1.0
774 0.113249 1.0
775 0.224305 0.99
776 0.442245 0.97
777 0.272524 0.99
778 0.497607 0.96
779 0.0868561 1.0
780 0.234475 0.97
781 0.144965 1.0
782 0.322637 0.97
783 0.102457 0.99
784 0.318751 0.97
785 0.591543 0.97
786 0.196443 0.98
787 0.291182 0.98
788 0.295999 0.97
789 0.107986 1.0
790 0.536968 0.98
791 0.181928 0.98
792 0.63596 0.97
793 0.242553 0.98
794 0.137866 0.99
795 0.273122 0.98
796 0.334762 0.97
797 0.191422 0.99
798 0.398376 0.95
799 0.110406 1.0
800 0.159212 0.99
801 0.152333 0.99
802 0.191406 0.99
803 0.105976 1.0
804 0.361816 0.97
805 0.321759 0.98
806 0.286844 0.96
807 0.43056 0.97
808 0.309153 0.96
809 0.400455 0.96
810 0.289148 0.97
811 0.170728 1.0
812 0.204503 0.98
813 0.259206 0.98
814 0.702987 0.97
815 0.373291 0.97
816 0.0772098 1.0
817 0.140136 0.98
818 0.634284 0.96
819 0.211832 0.99
820 0.186991 0.99
821 0.116503 0.98
822 0.23818 0.96
823 0.48402 0.97
824 0.19525 0.97
825 0.478472 0.94
826 0.182477 0.99
827 0.136249 0.99
828 0.416307 0.96
829 0.0990146 0.99
830 0.297036 0.98
831 0.368472 0.97
832 0.224713 0.98
833 0.349753 0.96
834 0.487564 0.96
835 0.163244 0.98
836 0.166504 0.99
837 0.267668 0.98
838 0.153856 0.99
839 0.269972 0.98
840 0.119041 0.99
841 0.486284 0.96
842 0.0874687 1.0
843 0.333261 0.97
844 0.077685 1.0
845 0.248673 0.98
846 0.118044 0.99
847 0.150994 1.0
848 0.23338 0.99
849 0.367031 0.98
850 0.293133 0.97
851 0.426435 0.97
852 0.129128 0.99
853 0.263507 0.98
854 0.137561 1.0
855 0.387939 0.98
856 0.426339 0.97
857 0.156319 0.99
858 0.485625 0.97
859 0.137617 0.99
860 0.084057 0.99
861 0.193923 0.99
862 0.186871 1.0
863 0.222296 0.98
864 0.406488 0.97
865 0.0870549 0.99
866 0.405066 0.99
867 0.220628 0.98
868 0.29784 0.98
869 0.350353 0.97
870 0.130714 0.99
871 0.616542 0.94
872 0.246954 0.99
873 0.208591 0.98
874 0.41445 0.96
875 0.389543 0.97
876 0.571951 0.95
877 0.0989371 0.99
878 0.227319 0.98
879 0.32593 0.98
880 0.316436 0.99
881 0.120454 0.99
882 0.237079 0.98
883 0.435469 0.99
884 0.228135 0.98
885 0.297535 0.97
886 0.573153 0.95
887 0.305868 0.96
888 0.256264 0.97
889 0.197515 0.98
890 0.657707 0.97
891 0.30964 0.99
892 0.202619 0.99
893 0.27356 0.99
894 0.181449 0.99
895 0.206551 0.99
896 0.20521 0.98
897 0.278239 0.99
898 0.203038 0.99
899 0.247608 0.97
900 0.458644 0.95
901 0.211001 0.98
902 0.183016 0.99
903 0.640396 0.96
904 0.633556 0.95
905 0.875386 0.94
906 0.184841 0.99
907 0.613289 0.95
908 0.251865 0.98
909 0.438216 0.97
910 0.245798 0.98
911 0.592794 0.96
912 0.122567 0.99
913 0.465328 0.95
914 0.97014 0.96
915 0.135591 0.99
916 0.19522 0.98
917 0.14618 0.99
918 0.339426 0.97
919 0.12342 1.0
920 0.416621 0.97
921 0.47842 0.97
922 0.127145 0.98
923 0.115179 0.99
924 0.0999277 1.0
925 0.318528 0.97
926 0.298208 0.99
927 0.342778 0.95
928 0.151947 0.98
929 0.348123 0.97
930 0.263546 0.98
931 0.25135 0.97
932 0.171379 0.97
933 0.0774066 1.0
934 0.319161 0.99
935 0.320195 0.97
936 0.0841219 1.0
937 0.373564 0.97
938 0.53458 0.96
939 0.175638 0.99
940 0.251792 0.98
941 0.0942929 0.99
942 0.140221 1.0
943 0.588244 0.97
944 0.324772 0.98
945 0.476012 0.95
946 0.281191 0.97
947 0.170139 0.98
948 0.085474 1.0
949 0.204032 0.99
950 0.429763 0.97
951 0.285013 0.98
952 0.147326 0.98
953 0.294284 0.99
954 0.223686 0.97
955 0.183263 0.99
956 0.186333 0.97
957 0.305987 0.98
958 0.231607 0.99
959 0.0358588 1.0
960 0.374989 0.97
961 0.175929 0.98
962 0.318375 0.96
963 0.566973 0.95
964 0.401107 0.97
965 0.18714 0.98
966 0.12664 0.99
967 0.589922 0.97
968 0.262481 0.99
969 0.534706 0.96
970 0.175542 0.99
971 0.0780507 1.0
972 0.286052 0.98
973 0.273997 0.98
974 0.440184 0.97
975 0.170516 0.98
976 0.102571 0.98
977 0.30616 0.98
978 0.209571 0.98
979 0.476912 0.98
980 0.416428 0.97
981 0.286879 0.97
982 0.138245 0.99
983 0.232582 0.98
984 0.139225 0.99
985 0.349097 0.98
986 0.116322 0.99
987 0.538561 0.94
988 0.112791 0.99
989 0.204979 0.99
990 0.124098 0.99
991 0.110502 1.0
992 0.375044 0.97
993 0.378535 0.96
994 0.109061 0.99
995 0.192827 0.99
996 0.359058 0.97
997 0.178847 0.99
998 0.346694 0.99
999 0.205641 0.99
1000 0.376739 0.96
1001 0.218077 0.98
1002 0.12498 1.0
1003 0.111559 0.99
1004 0.164466 1.0
1005 0.21369 0.99
1006 0.481264 0.97
1007 0.0807779 1.0
1008 0.245483 0.97
1009 0.15389 0.99
1010 0.398872 0.96
1011 0.120845 0.99
1012 0.127044 0.99
1013 0.498673 0.97
1014 0.0350405 1.0
1015 0.228813 0.99
1016 0.136149 1.0
1017 0.228768 0.97
1018 0.238293 0.98
1019 0.0515772 1.0
1020 0.362988 0.97
1021 0.429925 0.98
1022 0.144649 0.98
1023 0.0591191 0.99
1024 0.252201 0.98
1025 0.408935 0.98
1026 0.268711 0.98
1027 0.189909 0.99
1028 0.138928 0.99
1029 0.172872 0.99
1030 0.230015 0.97
1031 0.108315 0.99
1032 0.116232 0.99
1033 0.191191 0.99
1034 0.0723585 0.99
1035 0.433741 0.96
1036 0.243729 0.98
1037 0.110659 0.99
1038 0.237932 0.98
1039 0.380509 0.97
1040 0.408293 0.97
1041 0.119064 1.0
1042 0.254797 0.99
1043 0.159097 0.98
1044 0.0903375 1.0
1045 0.304466 0.98
1046 0.1144 0.99
1047 0.134975 1.0
1048 0.0397968 1.0
1049 0.0339145 1.0
1050 0.132123 0.99
1051 0.307519 0.96
1052 0.26964 0.97
1053 0.239856 0.97
1054 0.221906 0.98
1055 0.193265 0.98
1056 0.304485 0.99
1057 0.354866 0.99
1058 0.314245 0.97
1059 0.121204 1.0
1060 0.344435 0.97
1061 0.158174 0.99
1062 0.227827 0.98
1063 0.39998 0.97
1064 0.169939 0.99
1065 0.150447 0.99
1066 0.351321 0.97
1067 0.176233 0.99
1068 0.224389 0.98
1069 0.0690221 0.99
1070 0.153095 0.98
1071 0.035285 1.0
1072 0.0705202 1.0
1073 0.237801 0.98
1074 0.252751 0.99
1075 0.35433 0.99
1076 0.0792741 0.99
1077 0.233282 0.98
1078 0.169533 0.99
1079 0.10754 1.0
1080 0.165168 0.97
1081 0.0576363 1.0
1082 0.243893 0.98
1083 0.281902 0.98
1084 0.113018 0.99
1085 0.160572 0.99
1086 0.157498 0.99
1087 0.0836741 1.0
1088 0.111066 1.0
1089 0.0700485 1.0
1090 0.158569 1.0
1091 0.611909 0.96
1092 0.293784 0.97
1093 0.0936418 1.0
1094 0.0610046 1.0
1095 0.0741291 1.0
1096 0.272112 0.97
1097 0.128919 0.98
1098 0.13068 0.99
1099 0.288271 0.97
1100 0.288421 0.99
1101 0.0575451 1.0
1102 0.222928 0.99
1103 0.401966 0.96
1104 0.416005 0.97
1105 0.419319 0.98
1106 0.28034 0.99
1107 0.110194 1.0
1108 0.107902 1.0
1109 0.111558 0.99
1110 0.19654 0.99
1111 0.341289 0.96
1112 0.58321 0.97
1113 0.181858 0.99
1114 0.143859 0.99
1115 0.179726 0.99
1116 0.257524 0.98
1117 0.141458 1.0
1118 0.135808 1.0
1119 0.141895 0.99
1120 0.598462 0.95
1121 0.158555 0.99
1122 0.170543 0.98
1123 0.209025 0.97
1124 0.197361 0.98
1125 0.257635 0.97
1126 0.26172 0.98
1127 0.232535 1.0
1128 0.134346 0.99
1129 0.455956 0.94
1130 0.135683 0.99
1131 0.515305 0.98
1132 0.568056 0.96
1133 0.567016 0.96
1134 0.202222 0.99
1135 0.217394 0.99
1136 0.155263 1.0
1137 0.141214 0.99
1138 0.193178 0.99
1139 0.320468 0.98
1140 0.275703 0.98
1141 0.11826 1.0
1142 0.163983 0.99
1143 0.338837 0.97
1144 0.0558635 1.0
1145 0.0699174 1.0
1146 0.289324 0.97
1147 0.173684 0.98
1148 0.439065 0.97
1149 0.183987 0.98
1150 0.258535 0.96
1151 0.128528 0.99
1152 0.206263 0.98
1153 0.274166 0.99
1154 0.152252 0.99
1155 0.113258 0.99
1156 0.319915 0.97
1157 0.0566588 1.0
1158 0.0463576 1.0
1159 0.514288 0.98
1160 0.129405 0.99
1161 0.172617 0.99
1162 0.111654 0.99
1163 0.130584 1.0
1164 0.0794853 1.0
1165 0.38363 0.97
1166 0.237269 0.97
1167 0.288466 0.97
1168 0.20271 0.98
1169 0.524433 0.96
1170 0.575051 0.97
1171 0.179321 0.98
1172 0.104983 0.98
1173 0.181999 0.98
1174 0.147488 0.99
1175 0.0803843 1.0
1176 0.500964 0.98
1177 0.294359 0.97
1178 0.108714 1.0
1179 0.153559 0.98
1180 0.050327 1.0
1181 0.182385 1.0
1182 0.131293 0.98
1183 0.585752 0.96
1184 0.0630031 1.0
1185 0.478059 0.99
1186 0.172198 0.99
1187 0.248091 0.98
1188 0.153081 0.99
1189 0.117024 1.0
1190 0.0965697 0.99
1191 0.125534 1.0
1192 0.273879 0.97
1193 0.233771 0.97
1194 0.194122 0.99
1195 0.0735016 1.0
1196 0.427201 0.97
1197 0.400056 0.98
1198 0.358222 0.98
1199 0.0575803 1.0
1200 0.203393 0.99
1201 0.327445 0.99
1202 0.136553 0.99
1203 0.12746 0.99
1204 0.26596 0.99
1205 0.104978 1.0
1206 0.0871019 1.0
1207 0.212277 0.99
1208 0.187917 0.98
1209 0.339669 0.97
1210 0.0843116 1.0
1211 0.160607 0.98
1212 0.223872 0.96
1213 0.315012 0.97
1214 0.254308 0.99
1215 0.290285 0.99
1216 0.382534 0.97
1217 0.112882 0.99
1218 0.517673 0.97
1219 0.381454 0.98
1220 0.133209 0.99
1221 0.11802 1.0
1222 0.321937 0.96
1223 0.103952 1.0
1224 0.249463 0.99
1225 0.199995 0.99
1226 0.0828483 1.0
1227 0.206966 0.97
1228 0.0696751 1.0
1229 0.247261 0.99
1230 0.0994788 0.99
1231 0.175238 0.98
1232 0.161498 0.99
1233 0.0976368 0.99
1234 0.37316 0.98
1235 0.153022 0.99
1236 0.128708 0.98
1237 0.0986669 1.0
1238 0.160127 0.99
1239 0.329452 0.98
1240 0.321956 0.98
1241 0.138088 0.98
1242 0.269597 0.99
1243 0.0808576 1.0
1244 0.227155 0.99
1245 0.170501 0.99
1246 0.176469 0.99
1247 0.0895816 0.99
1248 0.0894198 0.99
1249 0.288798 0.99
1250 0.0853585 1.0
1251 0.053327 1.0
1252 0.0952642 0.99
1253 0.290439 0.99
1254 0.107878 1.0
1255 0.0746354 0.99
1256 0.0908547 1.0
1257 0.104612 1.0
1258 0.0354802 1.0
1259 0.233361 0.98
1260 0.615702 0.96
1261 0.0711998 1.0
1262 0.0561601 0.99
1263 0.196521 0.98
1264 0.375737 0.98
1265 0.0574376 1.0
1266 0.167451 0.99
1267 0.110654 0.99
1268 0.063408 1.0
1269 0.182793 0.98
1270 0.0552569 1.0
1271 0.512974 0.98
1272 0.166895 0.99
1273 0.226461 0.98
1274 0.286234 0.97
1275 0.174801 0.98
1276 0.476535 0.96
1277 0.191315 0.99
1278 0.668304 0.96
1279 0.114254 0.99
1280 0.148604 0.99
1281 0.0827909 1.0
1282 0.155571 0.99
1283 0.345932 0.97
1284 0.141578 0.99
1285 0.120765 0.99
1286 0.23156 0.99
1287 0.386708 0.97
1288 0.153747 0.99
1289 0.167432 0.99
1290 0.728078 0.94
1291 0.207644 0.99
1292 0.0619852 1.0
1293 0.107193 1.0
1294 0.335315 0.96
1295 0.0758206 1.0
1296 0.42598 0.97
1297 0.201554 0.98
1298 0.169397 0.99
1299 0.0987497 1.0
1300 0.164446 0.98
1301 0.517278 0.97
1302 0.303628 0.98
1303 0.103889 0.99
1304 0.0871693 0.99
1305 0.0780236 1.0
1306 0.148149 0.99
1307 0.110657 1.0
1308 0.195419 0.99
1309 0.0918138 1.0
1310 0.116239 0.99
1311 0.413172 0.94
1312 0.277732 0.98
1313 0.172239 0.99
1314 0.42638 0.95
1315 0.0562447 1.0
1316 0.257453 0.99
1317 0.20014 0.98
1318 0.215967 0.98
1319 0.115592 1.0
1320 0.40772 0.96
1321 0.289072 0.98
1322 0.31044 0.96
1323 0.416223 0.99
1324 0.220924 0.98
1325 0.189069 0.99
1326 0.440946 0.98
1327 0.154611 0.99
1328 0.437298 0.97
1329 0.0813253 1.0
1330 0.0645371 1.0
1331 0.267802 0.98
1332 0.140598 0.98
1333 0.373569 0.97
1334 0.171107 0.98
1335 0.381596 0.95
1336 0.283519 0.99
1337 0.417834 0.97
1338 0.242131 0.98
1339 0.0490941 1.0
1340 0.466726 0.98
1341 0.592512 0.95
1342 0.0669012 1.0
1343 0.330408 0.98
1344 0.023771 1.0
1345 0.286231 0.99
1346 0.0846819 1.0
1347 0.128389 0.99
1348 0.096066 0.99
1349 0.460269 0.96
1350 0.218892 0.98
1351 0.162785 0.99
1352 0.316004 0.99
1353 0.0353276 1.0
1354 0.20189 0.99
1355 0.135167 1.0
1356 0.097619 1.0
1357 0.183284 0.99
1358 0.360491 0.97
1359 0.305792 0.98
1360 0.183125 0.99
1361 0.0883681 0.99
1362 0.0491795 1.0
1363 0.185003 0.99
1364 0.113381 1.0
1365 0.16877 0.98
1366 0.310474 0.97
1367 0.116705 1.0
1368 0.1657 0.99
1369 0.180836 0.98
1370 0.361135 0.97
1371 0.555977 0.98
1372 0.134031 0.99
1373 0.0499897 1.0
1374 0.190196 0.98
1375 0.336687 0.97
1376 0.259476 0.98
1377 0.0857571 0.99
1378 0.325858 0.97
1379 0.312415 0.96
1380 0.344092 0.95
1381 0.206759 0.99
1382 0.125579 0.98
1383 0.133886 0.99
1384 0.205254 0.99
1385 0.0990037 0.99
1386 0.114052 0.99
1387 0.339187 0.97
1388 0.541885 0.97
1389 0.413609 0.98
1390 0.296059 0.97
1391 0.0701933 1.0
1392 0.396294 0.97
1393 0.209938 0.97
1394 0.487065 0.97
1395 0.0880238 1.0
1396 0.549545 0.98
1397 0.194104 0.99
1398 0.154928 0.99
1399 0.383046 0.97
1400 0.0610548 1.0
1401 0.404499 0.98
1402 0.164422 1.0
1403 0.120909 0.99
1404 0.252428 0.98
1405 0.103846 1.0
1406 0.13153 0.99
1407 0.270169 0.97
1408 0.093739 1.0
1409 0.144007 0.99
1410 0.22349 0.98
1411 0.153341 0.99
1412 0.0607663 1.0
1413 0.0892896 1.0
1414 0.0882078 1.0
1415 0.264693 0.98
1416 0.290202 0.99
1417 0.236567 0.98
1418 0.0599783 1.0
1419 0.0404648 1.0
1420 0.284796 0.96
1421 0.250909 0.97
1422 0.0989999 0.99
1423 0.0437719 1.0
1424 0.146068 0.99
1425 0.275084 0.97
1426 0.0647282 1.0
1427 0.0711885 0.99
1428 0.173923 0.99
1429 0.271022 0.99
1430 0.0872973 1.0
1431 0.196384 0.99
1432 0.330255 0.98
1433 0.0530642 1.0
1434 0.195743 0.98
1435 0.152768 0.99
1436 0.0648066 0.99
1437 0.134744 0.99
1438 0.296595 0.98
1439 0.25567 0.97
1440 0.113033 0.99
1441 0.307274 0.99
1442 0.161794 0.98
1443 0.186411 0.99
1444 0.168097 0.98
1445 0.189667 0.98
1446 0.0855101 0.99
1447 0.388401 0.96
1448 0.155438 0.98
1449 0.549604 0.95
1450 0.557554 0.96
1451 0.111958 0.98
1452 0.331354 0.99
1453 0.0729027 0.99
1454 0.163556 0.99
1455 0.23829 0.97
1456 0.229646 0.99
1457 0.133508 0.98
1458 0.421822 0.96
1459 0.191045 0.99
1460 0.226268 0.99
1461 0.270384 0.97
1462 0.202626 0.97
1463 0.190746 0.99
1464 0.32243 0.97
1465 0.107729 1.0
1466 0.188244 0.99
1467 0.0798618 1.0
1468 0.148809 0.98
1469 0.0468481 1.0
1470 0.507227 0.95
1471 0.151172 0.99
1472 0.191061 0.98
1473 0.430738 0.97
1474 0.329201 0.97
1475 0.113718 0.99
1476 0.243864 0.98
1477 0.293967 0.98
1478 0.0445754 1.0
1479 0.178775 1.0
1480 0.364413 0.97
1481 0.0747722 1.0
1482 0.257297 0.98
1483 0.384954 0.97
1484 0.368735 0.98
1485 0.10213 0.99
1486 0.134727 0.99
1487 0.104315 0.99
1488 0.315254 0.98
1489 0.270872 0.98
1490 0.352991 0.98
1491 0.369441 0.95
1492 0.149269 1.0
1493 0.152096 0.99
1494 0.0803854 1.0
1495 0.290994 0.97
1496 0.392151 0.96
1497 0.0926623 1.0
1498 0.218176 0.99
1499 0.318593 0.96
1500 0.111258 0.99
1501 0.183088 0.99
1502 0.508119 0.98
1503 0.0462848 1.0
1504 0.127122 0.99
1505 0.112471 0.99
1506 0.0431997 1.0
1507 0.240699 0.98
1508 0.150757 0.98
1509 0.210327 0.99
1510 0.0390824 1.0
1511 0.272443 0.99
1512 0.10108 0.99
1513 0.0451074 1.0
1514 0.0304862 1.0
1515 0.05965 1.0
1516 0.0806525 1.0
1517 0.0488715 1.0
1518 0.313925 0.98
1519 0.140049 0.99
1520 0.166766 0.98
1521 0.0496623 1.0
1522 0.326075 0.98
1523 0.381802 0.95
1524 0.116284 0.99
1525 0.235471 0.99
1526 0.141686 0.98
1527 0.201845 0.98
1528 0.0715236 0.99
1529 0.0809362 1.0
1530 0.0528083 1.0
1531 0.0870516 0.99
1532 0.209833 0.99
1533 0.296596 0.98
1534 0.0499552 1.0
1535 0.111286 0.99
1536 0.112481 0.99
1537 0.0500624 1.0
1538 0.202992 0.98
1539 0.0734847 1.0
1540 0.144228 0.99
1541 0.0365703 1.0
1542 0.1643 0.99
1543 0.240688 0.98
1544 0.0412005 1.0
1545 0.359452 0.98
1546 0.145069 0.99
1547 0.075895 0.98
1548 0.162486 0.98
1549 0.124608 1.0
1550 0.295062 0.97
1551 0.124188 1.0
1552 0.210424 0.96
1553 0.21034 0.99
1554 0.0381068 1.0
1555 0.297403 0.96
1556 0.509172 0.97
1557 0.129549 0.99
1558 0.300053 0.97
1559 0.481716 0.96
1560 0.160343 0.99
1561 0.128278 0.99
1562 0.0834085 1.0
1563 0.595047 0.96
1564 0.0875832 0.99
1565 0.0867642 0.99
