1 3.51278 0.06
2 2.66068 0.21
3 1.85809 0.39
4 1.65761 0.49
5 1.12708 0.69
6 1.00406 0.67
7 0.658658 0.77
8 0.710842 0.81
9 0.878003 0.73
10 0.706213 0.78
11 0.876455 0.78
12 0.71105 0.76
13 0.562768 0.83
14 0.498743 0.86
15 0.672007 0.83
16 0.361138 0.89
17 0.573214 0.83
18 0.435437 0.87
19 0.558476 0.86
20 0.376728 0.86
21 0.412075 0.86
22 0.361681 0.84
23 0.411031 0.86
24 0.404259 0.88
25 0.719215 0.82
26 0.578489 0.88
27 0.243067 0.93
28 0.245205 0.9
29 0.485836 0.84
30 0.400782 0.88
31 0.345555 0.88
32 0.419312 0.9
33 0.372695 0.84
34 0.403782 0.88
35 0.264428 0.92
36 0.269632 0.88
37 0.352426 0.9
38 0.393073 0.88
39 0.276819 0.91
40 0.29583 0.9
41 0.335174 0.87
42 0.388866 0.91
43 0.213756 0.92
44 0.199479 0.94
45 0.187985 0.92
46 0.507872 0.88
47 0.23171 0.92
48 0.467829 0.87
49 0.456118 0.89
50 0.418676 0.9
51 0.184363 0.93
52 0.252091 0.9
53 0.30628 0.9
54 0.374647 0.9
55 0.380771 0.89
56 0.67 0.81
57 0.477337 0.87
58 0.394364 0.92
59 0.372339 0.89
60 0.134722 0.96
61 0.300103 0.95
62 0.484023 0.82
63 0.255015 0.91
64 0.212087 0.95
65 0.277586 0.9
66 0.242373 0.93
67 0.219184 0.93
68 0.1144 0.96
69 0.202574 0.9
70 0.433848 0.89
71 0.421541 0.88
72 0.206273 0.92
73 0.369824 0.92
74 0.285202 0.92
75 0.19099 0.93
76 0.245967 0.92
77 0.349605 0.89
78 0.388824 0.89
79 0.277598 0.92
80 0.28021 0.92
81 0.175852 0.95
82 0.229236 0.94
83 0.216596 0.93
84 0.304669 0.93
85 0.187859 0.93
86 0.270452 0.92
87 0.203185 0.92
88 0.155037 0.95
89 0.199856 0.94
90 0.159898 0.93
91 0.399759 0.91
92 0.254302 0.93
93 0.439907 0.88
94 0.198209 0.93
95 0.192364 0.95
96 0.328383 0.95
97 0.233654 0.92
98 0.188725 0.96
99 0.365394 0.92
100 0.160635 0.95
101 0.222203 0.93
102 0.31518 0.93
103 0.232981 0.94
104 0.362233 0.89
105 0.357225 0.89
106 0.164101 0.94
107 0.286774 0.89
108 0.339957 0.92
109 0.140553 0.97
110 0.163161 0.97
111 0.412854 0.89
112 0.160372 0.99
113 0.290482 0.9
114 0.236293 0.94
115 0.145817 0.95
116 0.186385 0.95
117 0.280833 0.89
118 0.286669 0.9
119 0.10886 0.97
120 0.127747 0.96
121 0.316668 0.9
122 0.226595 0.93
123 0.274207 0.93
124 0.240122 0.91
125 0.227026 0.93
126 0.138214 0.95
127 0.259713 0.91
128 0.18619 0.92
129 0.216494 0.92
130 0.23788 0.91
131 0.182552 0.96
132 0.174961 0.96
133 0.283378 0.95
134 0.169538 0.93
135 0.165682 0.94
136 0.136672 0.95
137 0.410484 0.93
138 0.131193 0.95
139 0.219716 0.92
140 0.233619 0.91
141 0.163867 0.96
142 0.239646 0.91
143 0.143792 0.98
144 0.20103 0.94
145 0.0861922 0.98
146 0.257102 0.94
147 0.237888 0.9
148 0.129929 0.95
149 0.232534 0.91
150 0.146744 0.92
151 0.181166 0.92
152 0.150909 0.94
153 0.25393 0.94
154 0.179224 0.94
155 0.20399 0.95
156 0.213498 0.97
157 0.180649 0.96
158 0.167993 0.94
159 0.143099 0.94
160 0.10012 0.97
161 0.197026 0.95
162 0.137315 0.96
163 0.198089 0.93
164 0.291599 0.91
165 0.0722282 0.98
166 0.308441 0.92
167 0.196799 0.96
168 0.201298 0.93
169 0.114327 0.95
170 0.222126 0.9
171 0.198752 0.94
172 0.296311 0.9
173 0.165401 0.94
174 0.155092 0.96
175 0.155808 0.95
176 0.124096 0.95
177 0.0655788 0.99
178 0.246287 0.91
179 0.372895 0.9
180 0.274806 0.93
181 0.212469 0.96
182 0.106567 0.97
183 0.162302 0.95
184 0.183715 0.92
185 0.320931 0.91
186 0.138175 0.96
187 0.214273 0.95
188 0.298327 0.89
189 0.0819142 0.97
190 0.349387 0.94
191 0.0858899 0.98
192 0.173412 0.96
193 0.0809244 0.97
194 0.156139 0.92
195 0.19583 0.95
196 0.0874176 0.99
197 0.225409 0.94
198 0.145194 0.96
199 0.136821 0.95
200 0.0956102 0.98
201 0.114428 0.96
202 0.289751 0.92
203 0.248407 0.93
204 0.210114 0.93
205 0.143645 0.97
206 0.0449765 0.98
207 0.0817247 0.96
208 0.243568 0.96
209 0.0852819 0.98
210 0.154106 0.96
211 0.295283 0.94
212 0.106079 0.96
213 0.0843211 0.99
214 0.173545 0.93
215 0.17957 0.92
216 0.147716 0.95
217 0.200614 0.93
218 0.195494 0.94
219 0.258771 0.94
220 0.094091 0.97
221 0.27516 0.95
222 0.198534 0.92
223 0.215345 0.93
224 0.176674 0.93
225 0.281257 0.94
226 0.260022 0.89
227 0.254816 0.92
228 0.0747172 0.97
229 0.118715 0.96
230 0.149154 0.95
231 0.193952 0.93
232 0.112692 0.95
233 0.138375 0.95
234 0.132198 0.98
235 0.195516 0.94
236 0.215877 0.95
237 0.177973 0.92
238 0.207973 0.93
239 0.216209 0.94
240 0.141098 0.96
241 0.215095 0.9
242 0.156072 0.96
243 0.1364 0.95
244 0.180277 0.93
245 0.127576 0.93
246 0.225335 0.93
247 0.1796 0.94
248 0.125789 0.95
249 0.0925499 0.96
250 0.085129 0.97
251 0.198374 0.97
252 0.219499 0.95
253 0.257459 0.96
254 0.314122 0.91
255 0.174081 0.95
256 0.0768444 0.99
257 0.102429 0.97
258 0.220992 0.94
259 0.175956 0.93
260 0.0858802 0.96
261 0.191911 0.95
262 0.155364 0.97
263 0.0692132 0.97
264 0.155183 0.93
265 0.16595 0.93
266 0.103233 0.95
267 0.185747 0.93
268 0.161772 0.95
269 0.231002 0.92
270 0.252405 0.93
271 0.217407 0.92
272 0.201663 0.95
273 0.184499 0.94
274 0.144795 0.93
275 0.162019 0.94
276 0.13291 0.96
277 0.238208 0.92
278 0.111396 0.96
279 0.0828291 0.99
280 0.184406 0.93
281 0.147536 0.96
282 0.172313 0.96
283 0.163573 0.95
284 0.126673 0.95
285 0.160557 0.96
286 0.113521 0.95
287 0.254983 0.92
288 0.0730547 0.97
289 0.28158 0.95
290 0.0637165 0.97
291 0.167352 0.97
292 0.172521 0.94
293 0.207473 0.95
294 0.162613 0.95
295 0.0912175 0.95
296 0.175318 0.94
297 0.101902 0.96
298 0.214185 0.89
299 0.135732 0.96
300 0.191478 0.93
301 0.19054 0.94
302 0.175922 0.95
303 0.105027 0.97
304 0.147172 0.95
305 0.199663 0.92
306 0.0880066 0.97
307 0.173224 0.96
308 0.244803 0.94
309 0.131133 0.97
310 0.209444 0.94
311 0.0958914 0.97
312 0.0612556 0.97
313 0.14149 0.93
314 0.0891744 0.97
315 0.151506 0.95
316 0.068333 0.96
317 0.0933466 0.97
318 0.118198 0.94
319 0.182608 0.95
320 0.105217 0.97
321 0.142905 0.96
322 0.235961 0.94
323 0.134337 0.97
324 0.0767892 0.98
325 0.0808365 0.97
326 0.200132 0.94
327 0.197203 0.94
328 0.118143 0.95
329 0.152128 0.94
330 0.34036 0.88
331 0.201275 0.95
332 0.0643079 0.99
333 0.144575 0.96
334 0.105618 0.97
335 0.105126 0.98
336 0.14867 0.97
337 0.154662 0.94
338 0.267299 0.94
339 0.21965 0.95
340 0.0971242 0.99
341 0.0767812 0.99
342 0.266397 0.93
343 0.089986 0.98
344 0.104149 0.98
345 0.265918 0.94
346 0.118448 0.95
347 0.197955 0.94
348 0.233755 0.95
349 0.193838 0.96
350 0.176144 0.95
351 0.140664 0.98
352 0.216865 0.94
353 0.155095 0.94
354 0.148458 0.95
355 0.161579 0.94
356 0.07062 0.98
357 0.257561 0.91
358 0.202982 0.96
359 0.267435 0.94
360 0.106504 0.95
361 0.0631398 0.98
362 0.139689 0.95
363 0.139107 0.94
364 0.144995 0.96
365 0.0586901 0.99
366 0.146499 0.96
367 0.0310187 1.0
368 0.177982 0.96
369 0.0959233 0.96
370 0.137262 0.96
371 0.153891 0.94
372 0.171521 0.96
373 0.153509 0.96
374 0.147654 0.95
375 0.161295 0.95
376 0.119372 0.96
377 0.177067 0.93
378 0.0491171 1.0
379 0.14871 0.97
380 0.175296 0.98
381 0.0568167 0.99
382 0.100593 0.97
383 0.19542 0.94
384 0.132795 0.95
385 0.248134 0.91
386 0.12716 0.96
387 0.166084 0.95
388 0.110271 0.96
389 0.109652 0.95
390 0.0969924 0.97
391 0.179625 0.97
392 0.108253 0.98
393 0.138918 0.95
394 0.163762 0.96
395 0.100147 0.94
396 0.129544 0.98
397 0.0975623 0.96
398 0.0782866 0.98
399 0.148708 0.94
400 0.182102 0.95
401 0.345125 0.92
402 0.128261 0.94
403 0.230527 0.92
404 0.27956 0.93
405 0.183385 0.94
406 0.0929824 0.98
407 0.105253 0.97
408 0.141279 0.96
409 0.09466 0.96
410 0.118753 0.98
411 0.100184 0.98
412 0.185288 0.94
413 0.074974 0.98
414 0.0521499 0.98
415 0.0890769 0.98
416 0.155031 0.95
417 0.0960354 0.95
418 0.144539 0.97
419 0.174648 0.97
420 0.125289 0.94
421 0.124898 0.96
422 0.265146 0.9
423 0.203983 0.94
424 0.0858706 0.97
425 0.156873 0.96
426 0.235107 0.97
427 0.202462 0.94
428 0.137434 0.96
429 0.11308 0.98
430 0.0390552 0.99
431 0.149109 0.97
432 0.235197 0.93
433 0.245492 0.92
434 0.163023 0.97
435 0.163867 0.95
436 0.0938348 0.97
437 0.288785 0.92
438 0.116037 0.98
439 0.17982 0.94
440 0.199764 0.93
441 0.123856 0.97
442 0.0523191 0.99
443 0.0983525 0.97
444 0.125293 0.94
445 0.224518 0.93
446 0.0642874 0.98
447 0.155321 0.96
448 0.141276 0.95
449 0.184051 0.95
450 0.246484 0.94
451 0.0656114 0.99
452 0.358776 0.91
453 0.0736003 0.98
454 0.252238 0.93
455 0.149076 0.97
456 0.143261 0.95
457 0.100807 0.97
458 0.0559979 1.0
459 0.124853 0.97
460 0.104292 0.97
461 0.119259 0.97
462 0.0771899 0.98
463 0.034094 1.0
464 0.0818591 0.98
465 0.110279 0.97
466 0.0790399 0.96
467 0.210029 0.92
468 0.0992398 0.96
469 0.143958 0.95
470 0.133531 0.94
471 0.275749 0.95
472 0.092914 0.98
473 0.107143 0.96
474 0.136967 0.94
475 0.153324 0.96
476 0.141783 0.96
477 0.2269 0.94
478 0.137054 0.97
479 0.13793 0.97
480 0.19409 0.96
481 0.134024 0.97
482 0.12016 0.97
483 0.174641 0.95
484 0.10602 0.97
485 0.0577556 0.98
486 0.229494 0.96
487 0.0851196 0.98
488 0.0323811 0.99
489 0.171 0.96
490 0.099398 0.97
491 0.182422 0.94
492 0.161409 0.97
493 0.127492 0.95
494 0.134305 0.97
495 0.21805 0.94
496 0.205129 0.95
497 0.130671 0.96
498 0.144503 0.96
499 0.123934 0.97
500 0.110275 0.97
501 0.122522 0.98
502 0.0963638 0.96
503 0.103134 0.96
504 0.0426422 0.99
505 0.0676399 0.98
506 0.0921968 0.97
507 0.0424105 0.99
508 0.0400504 0.99
509 0.0544793 0.98
510 0.129214 0.95
511 0.0673426 0.99
512 0.178766 0.96
513 0.131605 0.95
514 0.034201 0.99
515 0.0260941 1.0
516 0.135312 0.97
517 0.10155 0.97
518 0.0226495 1.0
519 0.087349 0.97
520 0.0518308 0.98
521 0.0899446 0.98
522 0.0570103 0.98
523 0.0645325 0.98
524 0.0724446 0.99
525 0.101657 0.97
526 0.0820707 0.98
527 0.0202199 1.0
528 0.0430299 0.99
529 0.0559014 0.97
530 0.0921703 0.99
531 0.0452113 0.99
532 0.154329 0.96
533 0.0391153 0.99
534 0.0702548 0.99
535 0.050502 0.98
536 0.0862713 0.98
537 0.0715629 0.98
538 0.213617 0.97
539 0.0488718 0.99
540 0.0804202 0.97
541 0.0390436 0.99
542 0.144112 0.96
543 0.0285377 0.99
544 0.0588953 0.98
545 0.125689 0.97
546 0.0442062 1.0
547 0.0585279 0.99
548 0.0690579 0.98
549 0.0602082 0.98
550 0.0657449 0.96
551 0.0707987 0.99
552 0.0745651 0.99
553 0.0703711 0.98
554 0.0494164 0.99
555 0.105889 0.95
556 0.104915 0.96
557 0.0469277 0.99
558 0.0625747 0.97
559 0.0569309 0.99
560 0.114824 0.95
561 0.1098 0.97
562 0.0875354 0.98
563 0.0213302 0.99
564 0.0836444 0.96
565 0.0359537 0.99
566 0.0760141 0.98
567 0.0437254 0.98
568 0.0863352 0.97
569 0.0656546 0.98
570 0.0647508 0.97
571 0.15586 0.95
572 0.120242 0.98
573 0.0251914 1.0
574 0.104686 0.96
575 0.0762863 0.97
576 0.0240699 1.0
577 0.029599 0.98
578 0.0968177 0.97
579 0.0774589 0.97
580 0.0580452 0.98
581 0.0716162 0.96
582 0.0374992 0.99
583 0.054885 0.98
584 0.0299161 0.99
585 0.0638391 0.97
586 0.0437763 1.0
587 0.0387829 0.98
588 0.130524 0.96
589 0.113179 0.96
590 0.159263 0.96
591 0.0948429 0.95
592 0.0655996 0.97
593 0.0373078 0.98
594 0.0372183 1.0
595 0.0901737 0.97
596 0.0668661 0.97
597 0.0422926 0.99
598 0.0647932 0.99
599 0.148403 0.98
600 0.0740219 0.98
601 0.0726463 0.98
602 0.142733 0.95
603 0.0757324 0.97
604 0.0632894 0.98
605 0.0799342 0.97
606 0.0645727 0.98
607 0.078451 0.97
608 0.0664357 0.98
609 0.0486955 0.99
610 0.0923207 0.96
611 0.0569992 0.99
612 0.0600862 0.98
613 0.118356 0.97
614 0.0382296 1.0
615 0.0548365 0.98
616 0.0525982 0.98
617 0.151834 0.94
618 0.101004 0.96
619 0.0951992 0.96
620 0.129482 0.96
621 0.151822 0.96
622 0.0495478 0.99
623 0.0707156 0.97
624 0.0367146 0.99
625 0.0553353 0.99
626 0.0553882 0.98
627 0.0294004 1.0
628 0.0728247 0.98
629 0.0475934 0.98
630 0.0886081 0.96
631 0.0812248 0.98
632 0.117469 0.97
633 0.0571703 1.0
634 0.0885797 0.98
635 0.099407 0.94
636 0.0496166 0.99
637 0.0617893 0.98
638 0.0819331 0.98
639 0.0368965 0.99
640 0.0774035 0.97
641 0.10235 0.95
642 0.0875574 0.95
643 0.0558247 0.99
644 0.025655 1.0
645 0.0791122 0.97
646 0.0929193 0.96
647 0.10632 0.97
648 0.0799506 0.98
649 0.136183 0.96
650 0.0708193 0.98
651 0.0435729 0.98
652 0.0607898 0.98
653 0.0956267 0.98
654 0.0842394 0.97
655 0.0515179 0.98
656 0.113829 0.97
657 0.200638 0.93
658 0.0765088 0.98
659 0.0915289 0.96
660 0.0644899 0.98
661 0.0975965 0.97
662 0.0930088 0.97
663 0.0604904 0.98
664 0.0435051 0.99
665 0.0198481 1.0
666 0.0167083 1.0
667 0.0930131 0.97
668 0.0682017 0.97
669 0.141028 0.95
670 0.0763705 0.98
671 0.0442057 1.0
672 0.0203372 1.0
673 0.060068 0.99
674 0.116439 0.97
675 0.0696525 0.98
676 0.0957173 0.96
677 0.058541 0.99
678 0.0564047 0.98
679 0.0242631 1.0
680 0.0440624 0.98
681 0.116015 0.96
682 0.0255954 1.0
683 0.0328782 0.99
684 0.0851439 0.98
685 0.0610523 0.97
686 0.0548794 0.99
687 0.174464 0.94
688 0.0662421 0.97
689 0.0746143 0.99
690 0.114821 0.96
691 0.0392409 0.99
692 0.0643518 0.97
693 0.11103 0.95
694 0.0683025 0.98
695 0.143861 0.95
696 0.150679 0.92
697 0.0600982 0.98
698 0.0572243 0.99
699 0.078183 0.97
700 0.111201 0.96
701 0.0637187 0.98
702 0.0580655 0.97
703 0.0914001 0.98
704 0.0895113 0.97
705 0.054938 0.98
706 0.233286 0.95
707 0.171531 0.95
708 0.0695796 0.99
709 0.0590251 0.97
710 0.0713954 0.97
711 0.075191 0.98
712 0.140376 0.95
713 0.0604645 0.98
714 0.058248 0.96
715 0.0248581 0.99
716 0.0724381 0.98
717 0.11469 0.95
718 0.059363 0.98
719 0.0929894 0.98
720 0.0400064 0.99
721 0.0745803 0.97
722 0.0812974 0.98
723 0.101827 0.97
724 0.0454361 0.99
725 0.0232629 1.0
726 0.113033 0.96
727 0.0498005 0.98
728 0.0340219 1.0
729 0.12796 0.97
730 0.061806 0.98
731 0.102624 0.94
732 0.1149 0.97
733 0.0483868 0.98
734 0.029751 0.99
735 0.0774014 0.97
736 0.0860921 0.97
737 0.0881728 0.97
738 0.0760689 0.97
739 0.064196 0.98
740 0.135358 0.95
741 0.132234 0.96
742 0.0227532 1.0
743 0.0471989 0.99
744 0.0392757 0.98
745 0.183574 0.96
746 0.0380448 0.99
747 0.097436 0.97
748 0.0382692 0.99
749 0.0823447 0.98
750 0.0556027 0.98
751 0.0856445 0.98
752 0.0620534 0.98
753 0.034096 0.99
754 0.0411181 0.98
755 0.0338063 0.99
756 0.0850446 0.96
757 0.10999 0.96
758 0.0581745 0.98
759 0.0878021 0.98
760 0.0809021 0.98
761 0.0351446 0.99
762 0.0369535 0.98
763 0.0908035 0.98
764 0.110836 0.97
765 0.076899 0.98
766 0.076724 0.98
767 0.107971 0.96
768 0.0484818 0.99
769 0.186626 0.94
770 0.0357663 0.98
771 0.0867061 0.97
772 0.0466602 0.98
773 0.0466309 0.98
774 0.104012 0.97
775 0.0847138 0.97
776 0.0302664 0.99
777 0.0313724 1.0
778 0.108051 0.96
779 0.085386 0.99
780 0.0600446 0.98
781 0.100613 0.97
782 0.155434 0.96
783 0.103852 0.97
784 0.103696 0.97
785 0.0757117 0.98
786 0.0554625 0.98
787 0.0614004 0.98
788 0.131004 0.97
789 0.110719 0.98
790 0.122769 0.97
791 0.242642 0.96
792 0.0454463 1.0
793 0.105537 0.98
794 0.0855126 0.96
795 0.0799264 0.98
796 0.117199 0.96
797 0.0688067 0.98
798 0.180463 0.94
799 0.0891154 0.97
800 0.0837359 0.98
801 0.04579 0.99
802 0.0472695 1.0
803 0.162542 0.96
804 0.0299037 0.99
805 0.0239838 0.99
806 0.0889198 0.96
807 0.0472784 0.99
808 0.0594745 0.98
809 0.145722 0.96
810 0.124182 0.97
811 0.10493 0.97
812 0.136937 0.96
813 0.287477 0.92
814 0.0631841 0.98
815 0.0362897 0.99
816 0.0626667 0.97
817 0.0279067 1.0
818 0.139577 0.97
819 0.0316477 1.0
820 0.068579 0.99
821 0.0628085 0.99
822 0.115071 0.95
823 0.0552579 0.97
824 0.141414 0.96
825 0.0881127 0.98
826 0.0218318 1.0
827 0.0721238 0.96
828 0.0902197 0.98
829 0.0278411 1.0
830 0.0324396 0.99
831 0.0465291 0.98
832 0.0661281 0.98
833 0.11997 0.96
834 0.0743572 0.98
835 0.0634536 0.99
836 0.182288 0.96
837 0.115325 0.96
838 0.0397223 0.98
839 0.0600566 0.99
840 0.0446012 0.99
841 0.0576109 0.98
842 0.0917225 0.96
843 0.0748946 0.97
844 0.0188005 1.0
845 0.047173 0.98
846 0.180646 0.97
847 0.0466843 0.99
848 0.165437 0.95
849 0.147165 0.95
850 0.112282 0.97
851 0.0406419 0.99
852 0.0924174 0.97
853 0.12551 0.97
854 0.0455084 0.98
855 0.133064 0.95
856 0.140828 0.98
857 0.0808678 0.97
858 0.100474 0.97
859 0.0579927 0.98
860 0.0289692 1.0
861 0.0422145 0.99
862 0.0456876 0.99
863 0.0664577 0.98
864 0.0422834 0.99
865 0.0365224 0.98
866 0.114521 0.98
867 0.0760388 0.98
868 0.027607 0.99
869 0.112873 0.97
870 0.0385398 0.99
871 0.0913149 0.95
872 0.139759 0.96
873 0.0614978 0.99
874 0.112473 0.96
875 0.0343392 1.0
876 0.0713046 0.97
877 0.0865921 0.96
878 0.0460474 0.98
879 0.0568284 0.98
880 0.0541799 0.98
881 0.0715373 0.99
882 0.0385116 0.99
883 0.0614758 0.97
884 0.0540936 0.99
885 0.0765342 0.97
886 0.0285177 1.0
887 0.0865647 0.98
888 0.0472692 0.97
889 0.192407 0.96
890 0.207419 0.95
891 0.079473 0.97
892 0.0260175 1.0
893 0.0965872 0.98
894 0.0955629 0.97
895 0.0394073 0.99
896 0.166367 0.95
897 0.0869832 0.99
898 0.0748801 0.98
899 0.0817944 0.97
900 0.0297485 0.99
901 0.156208 0.96
902 0.0416193 0.99
903 0.0789844 0.99
904 0.077236 0.98
905 0.209442 0.97
906 0.0526601 0.98
907 0.129397 0.96
908 0.0477949 0.99
909 0.0605563 0.98
910 0.0683053 0.97
911 0.0507468 0.98
912 0.0604524 0.97
913 0.108142 0.97
914 0.0902269 0.97
915 0.0721492 0.99
916 0.066373 0.99
917 0.0882622 0.96
918 0.0693231 0.98
919 0.116729 0.95
920 0.144837 0.96
921 0.0986016 0.98
922 0.16191 0.96
923 0.0727567 0.98
924 0.0901174 0.97
925 0.0575245 0.98
926 0.054233 0.98
927 0.0619881 0.98
928 0.0366179 0.99
929 0.0369585 0.99
930 0.0339991 0.99
931 0.163801 0.96
932 0.0621412 0.99
933 0.0788778 0.99
934 0.0555255 1.0
935 0.0809243 0.97
936 0.0615277 0.98
937 0.0573947 0.98
938 0.0669266 0.97
939 0.0304563 0.99
940 0.104169 0.95
941 0.0491868 0.99
942 0.0281101 0.99
943 0.0768052 0.97
944 0.0331121 0.98
945 0.0527784 0.98
946 0.0478514 0.98
947 0.0388718 0.99
948 0.154519 0.97
949 0.0628615 0.98
950 0.0395656 0.97
951 0.029355 0.99
952 0.0694824 0.97
953 0.165484 0.92
954 0.126715 0.98
955 0.111949 0.96
956 0.265266 0.94
957 0.126724 0.96
958 0.0252659 1.0
959 0.123432 0.99
960 0.0646798 0.99
961 0.0564021 0.98
962 0.0817718 0.99
963 0.0645207 0.97
964 0.0941025 0.98
965 0.0649311 0.98
966 0.100098 0.95
967 0.0592631 0.98
968 0.0635695 0.99
969 0.102054 0.97
970 0.112384 0.96
971 0.0749167 0.96
972 0.133464 0.97
973 0.126652 0.95
974 0.0283583 0.99
975 0.144349 0.96
976 0.0491799 0.99
977 0.064198 0.98
978 0.053902 0.97
979 0.0746961 0.96
980 0.0633555 0.98
981 0.0566307 0.97
982 0.04627 1.0
983 0.134391 0.98
984 0.0518755 0.98
985 0.0750119 0.99
986 0.133257 0.96
987 0.0513656 1.0
988 0.157143 0.96
989 0.0312236 0.99
990 0.0818444 0.96
991 0.16867 0.93
992 0.0814463 0.98
993 0.107848 0.96
994 0.0743841 0.99
995 0.0707312 0.99
996 0.0497246 0.99
997 0.0475714 0.99
998 0.096912 0.98
999 0.0942959 0.95
1000 0.091282 0.97
1001 0.0618315 0.99
1002 0.029844 0.99
1003 0.0379824 0.98
1004 0.0322982 0.98
1005 0.0566317 0.97
1006 0.0356988 0.99
1007 0.0475473 0.99
1008 0.0593663 0.98
1009 0.016882 1.0
1010 0.0553158 0.98
1011 0.0506284 0.98
1012 0.048148 0.98
1013 0.0459789 0.99
1014 0.0591702 0.98
1015 0.031843 0.99
1016 0.0131053 1.0
1017 0.00986111 1.0
1018 0.0312951 0.99
1019 0.0452405 0.99
1020 0.043121 1.0
1021 0.0677293 0.97
1022 0.02701 0.99
1023 0.0470106 0.98
1024 0.0390993 0.99
1025 0.101119 0.97
1026 0.0247457 0.99
1027 0.0518098 0.98
1028 0.0876969 0.97
1029 0.0570966 0.99
1030 0.0826662 0.97
1031 0.026922 1.0
1032 0.0555543 0.97
1033 0.0663361 0.99
1034 0.0371184 0.99
1035 0.0281886 1.0
1036 0.0299864 0.99
1037 0.0148703 1.0
1038 0.05613 0.99
1039 0.0738521 0.97
1040 0.0739627 0.98
1041 0.0468019 0.98
1042 0.0705788 0.98
1043 0.0322427 1.0
1044 0.0462809 0.99
1045 0.0303026 0.99
1046 0.0311179 0.99
1047 0.0197855 1.0
1048 0.0582854 0.98
1049 0.049526 0.99
1050 0.0193673 1.0
1051 0.0552905 0.97
1052 0.0235862 0.99
1053 0.0696579 0.98
1054 0.0193172 0.99
1055 0.0308536 0.99
1056 0.0878773 0.98
1057 0.0588863 0.97
1058 0.0350191 0.99
1059 0.0254628 1.0
1060 0.093836 0.98
1061 0.0191627 1.0
1062 0.0245557 1.0
1063 0.0357549 0.99
1064 0.0166962 1.0
1065 0.0131784 1.0
1066 0.0536524 0.98
1067 0.0287192 1.0
1068 0.082374 0.97
1069 0.0262657 0.99
1070 0.0478001 0.98
1071 0.0488262 0.98
1072 0.0248929 1.0
1073 0.0668732 0.98
1074 0.0260032 1.0
1075 0.099931 0.97
1076 0.0875571 0.97
1077 0.0289065 1.0
1078 0.0757578 0.98
1079 0.0434119 0.99
1080 0.0539076 0.97
1081 0.0602224 0.98
1082 0.0542265 0.98
1083 0.0310035 0.99
1084 0.0729716 0.97
1085 0.0358812 0.99
1086 0.0950981 0.97
1087 0.059127 0.96
1088 0.0674982 0.97
1089 0.0450834 0.99
1090 0.0872334 0.96
1091 0.0498764 0.99
1092 0.0264002 0.99
1093 0.0227074 1.0
1094 0.0306119 0.99
1095 0.124121 0.97
1096 0.0523759 0.99
1097 0.0500203 0.99
1098 0.022566 1.0
1099 0.0179784 1.0
1100 0.0222546 1.0
1101 0.125697 0.96
1102 0.0530838 0.98
1103 0.0369089 0.99
1104 0.0380086 0.99
1105 0.0634903 0.97
1106 0.0561922 0.98
1107 0.0316256 0.99
1108 0.0424511 0.98
1109 0.025647 0.99
1110 0.0240217 1.0
1111 0.0140978 1.0
1112 0.0226279 1.0
1113 0.0751134 0.98
1114 0.0122845 1.0
1115 0.0389918 0.99
1116 0.0605956 0.98
1117 0.0526757 0.98
1118 0.0340039 0.99
1119 0.0258712 1.0
1120 0.0441834 0.99
1121 0.0166295 1.0
1122 0.036319 0.99
1123 0.0394146 0.99
1124 0.0638319 0.98
1125 0.0536092 0.99
1126 0.0117278 1.0
1127 0.0657259 0.98
1128 0.059723 0.98
1129 0.0137105 1.0
1130 0.0252316 1.0
1131 0.0659227 0.98
1132 0.0322095 0.99
1133 0.0125652 1.0
1134 0.106137 0.97
1135 0.0979493 0.98
1136 0.0303209 1.0
1137 0.0434388 0.98
1138 0.0454037 0.98
1139 0.0399264 0.99
1140 0.0322788 0.99
1141 0.0798466 0.97
1142 0.0624603 0.98
1143 0.0258593 0.99
1144 0.0334187 1.0
1145 0.0255353 1.0
1146 0.0784558 0.98
1147 0.0151368 1.0
1148 0.0340357 0.99
1149 0.0166531 1.0
1150 0.0517468 0.99
1151 0.0225146 0.99
1152 0.0904734 0.98
1153 0.110679 0.97
1154 0.0478113 0.97
1155 0.0404717 0.98
1156 0.0161194 1.0
1157 0.0291667 0.99
1158 0.0394049 0.98
1159 0.0430521 0.99
1160 0.0415583 0.98
1161 0.0246977 0.99
1162 0.0220255 1.0
1163 0.0640748 0.97
1164 0.0379376 0.99
1165 0.0400384 0.98
1166 0.0661296 0.98
1167 0.0127129 1.0
1168 0.0313071 1.0
1169 0.0415544 0.99
1170 0.0199017 1.0
1171 0.0350449 0.98
1172 0.0464891 0.99
1173 0.0458402 0.99
1174 0.0896422 0.98
1175 0.0542722 0.99
1176 0.0667503 0.98
1177 0.0799361 0.99
1178 0.0415899 0.99
1179 0.0389796 0.99
1180 0.0458732 0.98
1181 0.096067 0.97
1182 0.0519759 0.99
1183 0.0447781 0.99
1184 0.0457069 0.98
1185 0.0647283 0.97
1186 0.081396 0.97
1187 0.102786 0.97
1188 0.0354124 0.99
1189 0.114667 0.97
1190 0.0539413 0.98
1191 0.0578777 0.98
1192 0.0253995 1.0
1193 0.087871 0.96
1194 0.0245707 1.0
1195 0.0094658 1.0
1196 0.073739 0.99
1197 0.0871167 0.96
1198 0.014497 1.0
1199 0.0692819 0.98
1200 0.0370353 0.99
1201 0.0916103 0.98
1202 0.0550575 0.98
1203 0.0458007 0.98
1204 0.032481 0.99
1205 0.0434903 0.98
1206 0.0459623 0.98
1207 0.0359569 0.99
1208 0.0756849 0.97
1209 0.029954 0.99
1210 0.0223009 1.0
1211 0.0648314 0.97
1212 0.0822684 0.98
1213 0.0188255 1.0
1214 0.106657 0.97
1215 0.037496 0.98
1216 0.0473546 0.98
1217 0.0468351 0.97
1218 0.0296949 1.0
1219 0.0279244 0.99
1220 0.0458006 0.99
1221 0.0380078 1.0
1222 0.0636169 0.97
1223 0.0460451 0.99
1224 0.037472 0.98
1225 0.0790997 0.96
1226 0.042903 0.99
1227 0.0285055 0.99
1228 0.0168339 1.0
1229 0.0352023 1.0
1230 0.0743373 0.97
1231 0.0223969 0.99
1232 0.0277677 0.99
1233 0.0790242 0.98
1234 0.125528 0.98
1235 0.0135527 1.0
1236 0.0670682 0.97
1237 0.0450556 0.99
1238 0.0366843 0.99
1239 0.0771868 0.98
1240 0.0786719 0.97
1241 0.100358 0.98
1242 0.108001 0.97
1243 0.0404523 0.99
1244 0.0655768 0.97
1245 0.0131359 1.0
1246 0.0333721 0.99
1247 0.0433249 0.98
1248 0.134742 0.97
1249 0.0162663 1.0
1250 0.0407732 1.0
1251 0.021705 1.0
1252 0.0223585 1.0
1253 0.0584268 0.98
1254 0.0307645 0.99
1255 0.0533191 0.98
1256 0.0379335 0.98
1257 0.0438405 0.99
1258 0.0200964 1.0
1259 0.075026 0.97
1260 0.0570254 0.97
1261 0.0862821 0.98
1262 0.022719 0.99
1263 0.0368306 0.99
1264 0.0219571 0.99
1265 0.0801312 0.98
1266 0.0765836 0.97
1267 0.0368831 0.99
1268 0.0643949 0.98
1269 0.067874 0.98
1270 0.0507458 0.98
1271 0.0257363 0.99
1272 0.112668 0.96
1273 0.0542825 0.99
1274 0.0126987 1.0
1275 0.0136635 1.0
1276 0.0859891 0.97
1277 0.0234213 0.99
1278 0.0365184 0.99
1279 0.108646 0.96
1280 0.0529471 0.98
1281 0.0172091 1.0
1282 0.0531433 0.98
1283 0.0651703 0.98
1284 0.0601695 0.98
1285 0.03633 0.99
1286 0.0596288 0.98
1287 0.0453236 0.98
1288 0.0258585 0.99
1289 0.0198709 1.0
1290 0.0324655 1.0
1291 0.0547436 0.99
1292 0.0504706 0.97
1293 0.0168249 1.0
1294 0.0363107 0.98
1295 0.0510103 0.97
1296 0.028802 1.0
1297 0.0830196 0.97
1298 0.0401945 0.99
1299 0.104779 0.96
1300 0.106 0.96
1301 0.0610292 0.98
1302 0.0646859 0.98
1303 0.0650096 0.98
1304 0.068382 0.97
1305 0.117855 0.97
1306 0.056801 0.98
1307 0.0920185 0.95
1308 0.0739457 0.96
1309 0.0873425 0.98
1310 0.0638691 0.99
1311 0.0547309 0.99
1312 0.0626443 0.97
1313 0.0129643 1.0
1314 0.0156978 1.0
1315 0.0330769 1.0
1316 0.0457376 0.99
1317 0.0239455 0.99
1318 0.0939097 0.95
1319 0.0171314 1.0
1320 0.0282336 1.0
1321 0.102893 0.96
1322 0.0320336 0.98
1323 0.018835 1.0
1324 0.0518221 0.99
1325 0.109288 0.97
1326 0.037624 0.98
1327 0.0431893 0.99
1328 0.0554629 0.98
1329 0.0862013 0.96
1330 0.0853151 0.98
1331 0.0354123 0.98
1332 0.027527 0.98
1333 0.0480013 0.98
1334 0.0531412 0.99
1335 0.0485663 0.98
1336 0.0534546 0.97
1337 0.0231328 0.99
1338 0.102001 0.96
1339 0.0337132 0.98
1340 0.027287 0.99
1341 0.0501372 0.98
1342 0.0439586 0.98
1343 0.0600287 0.97
1344 0.0134454 1.0
1345 0.0338316 0.99
1346 0.0707641 0.97
1347 0.0260657 0.99
1348 0.045479 0.97
1349 0.0810842 0.99
1350 0.0679668 0.97
1351 0.0296256 0.99
1352 0.0288668 0.99
1353 0.153633 0.94
1354 0.0252912 0.99
1355 0.0523209 0.98
1356 0.0291008 1.0
1357 0.0300554 0.99
1358 0.0063187 1.0
1359 0.04698 0.98
1360 0.0494783 0.98
1361 0.00879762 1.0
1362 0.0349208 0.99
1363 0.0194887 1.0
1364 0.103388 0.95
1365 0.0799032 0.96
1366 0.0847679 0.96
1367 0.0312304 0.99
1368 0.150037 0.97
1369 0.0363887 0.99
1370 0.0529191 0.98
1371 0.00750046 1.0
1372 0.128365 0.98
1373 0.052987 0.98
1374 0.0233686 1.0
1375 0.0226548 1.0
1376 0.0329095 1.0
