1 3.85132 0.05
2 3.60212 0.17
3 3.78928 0.21
4 3.5915 0.24
5 3.02136 0.39
6 2.9738 0.43
7 2.84897 0.57
8 2.14099 0.62
9 1.69469 0.62
10 1.56721 0.5
11 1.46366 0.58
12 0.816391 0.72
13 1.17596 0.53
14 1.0252 0.68
15 1.01238 0.65
16 0.981769 0.7
17 1.04603 0.71
18 0.782775 0.73
19 0.880354 0.76
20 0.953952 0.75
21 0.814742 0.73
22 0.797639 0.75
23 0.656017 0.81
24 0.630334 0.76
25 0.782649 0.76
26 0.611013 0.81
27 0.658798 0.78
28 0.866903 0.73
29 0.767109 0.75
30 0.611543 0.83
31 0.481415 0.87
32 0.728477 0.82
33 0.683974 0.77
34 0.823582 0.79
35 0.622023 0.79
36 0.636979 0.8
37 0.362409 0.9
38 0.343644 0.9
39 0.397146 0.88
40 0.463299 0.86
41 0.674588 0.78
42 0.54376 0.84
43 0.663288 0.81
44 0.531093 0.81
45 0.677944 0.82
46 0.392389 0.88
47 0.548237 0.84
48 0.441498 0.89
49 0.549406 0.87
50 0.40715 0.87
51 0.780733 0.77
52 0.473415 0.87
53 0.562766 0.78
54 0.543064 0.83
55 0.33848 0.88
56 0.604558 0.82
57 0.472166 0.85
58 0.547799 0.84
59 0.426228 0.85
60 0.558899 0.85
61 0.358907 0.88
62 0.564729 0.85
63 0.417078 0.89
64 0.234991 0.93
65 0.335768 0.89
66 0.483489 0.91
67 0.318506 0.9
68 0.484188 0.82
69 0.355793 0.86
70 0.446579 0.87
71 0.187998 0.93
72 0.426644 0.87
73 0.308248 0.88
74 0.55169 0.87
75 0.313691 0.89
76 0.607548 0.83
77 0.226701 0.92
78 0.379407 0.88
79 0.286231 0.87
80 0.394884 0.84
81 0.36466 0.88
82 0.501219 0.81
83 0.502232 0.86
84 0.438785 0.9
85 0.497507 0.9
86 0.558958 0.84
87 0.521613 0.85
88 0.29812 0.89
89 0.495769 0.87
90 0.364931 0.88
91 0.461451 0.86
92 0.298296 0.88
93 0.381968 0.86
94 0.447234 0.84
95 0.418158 0.86
96 0.484833 0.8
97 0.239581 0.92
98 0.470831 0.88
99 0.5061 0.85
100 0.469991 0.85
101 0.31733 0.91
102 0.247531 0.89
103 0.454004 0.88
104 0.430795 0.88
105 0.385932 0.87
106 0.330298 0.9
107 0.402318 0.89
108 0.355394 0.88
109 0.287036 0.92
110 0.409807 0.86
111 0.43868 0.82
112 0.39649 0.9
113 0.29816 0.92
114 0.280701 0.91
115 0.400122 0.85
116 0.497021 0.84
117 0.433314 0.83
118 0.342956 0.89
119 0.336461 0.91
120 0.436935 0.84
121 0.272898 0.92
122 0.394689 0.87
123 0.377888 0.88
124 0.471838 0.86
125 0.296579 0.92
126 0.251077 0.92
127 0.383326 0.89
128 0.378888 0.92
129 0.350252 0.9
130 0.486698 0.89
131 0.368006 0.86
132 0.396346 0.85
133 0.332615 0.88
134 0.317534 0.91
135 0.237285 0.93
136 0.297486 0.88
137 0.535183 0.79
138 0.41941 0.88
139 0.342297 0.92
140 0.417112 0.85
141 0.375932 0.87
142 0.379031 0.92
143 0.490631 0.87
144 0.250905 0.92
145 0.227843 0.92
146 0.234969 0.9
147 0.285746 0.92
148 0.422749 0.88
149 0.34775 0.91
150 0.317228 0.89
151 0.227228 0.95
152 0.193164 0.94
153 0.402633 0.87
154 0.505869 0.86
155 0.42606 0.86
156 0.28382 0.87
157 0.230649 0.93
158 0.527883 0.85
159 0.33088 0.89
160 0.385153 0.89
161 0.208307 0.91
162 0.345877 0.92
163 0.245447 0.94
164 0.327283 0.9
165 0.284536 0.92
166 0.41706 0.89
167 0.509246 0.9
168 0.444768 0.86
169 0.278445 0.91
170 0.348147 0.89
171 0.400374 0.91
172 0.23255 0.92
173 0.451291 0.9
174 0.316831 0.89
175 0.292983 0.93
176 0.339775 0.9
177 0.204187 0.91
178 0.399022 0.88
179 0.253283 0.97
180 0.20225 0.97
181 0.274815 0.96
182 0.265299 0.9
183 0.373183 0.89
184 0.286862 0.91
185 0.18636 0.93
186 0.298314 0.91
187 0.215367 0.93
188 0.417742 0.88
189 0.175799 0.93
190 0.158508 0.96
191 0.234039 0.92
192 0.362741 0.92
193 0.438439 0.88
194 0.37579 0.9
195 0.313513 0.94
196 0.326119 0.9
197 0.282532 0.89
198 0.55599 0.8
199 0.222044 0.94
200 0.318925 0.89
201 0.374044 0.9
202 0.291506 0.93
203 0.225524 0.95
204 0.302901 0.9
205 0.319804 0.91
206 0.331771 0.88
207 0.223246 0.93
208 0.383779 0.88
209 0.393394 0.89
210 0.266222 0.91
211 0.584062 0.84
212 0.221158 0.96
213 0.408369 0.88
214 0.24572 0.94
215 0.285776 0.93
216 0.419983 0.85
217 0.175807 0.96
218 0.230494 0.92
219 0.25313 0.92
220 0.205838 0.93
221 0.137338 0.96
222 0.17042 0.93
223 0.368854 0.88
224 0.380183 0.9
225 0.237853 0.92
226 0.283944 0.88
227 0.256147 0.92
228 0.261449 0.93
229 0.214592 0.93
230 0.262175 0.91
231 0.270751 0.93
232 0.442355 0.88
233 0.272677 0.91
234 0.365944 0.87
235 0.360797 0.9
236 0.226961 0.93
237 0.415737 0.86
238 0.226601 0.93
239 0.333212 0.91
240 0.306011 0.91
241 0.130502 0.99
242 0.233915 0.91
243 0.284227 0.91
244 0.356219 0.92
245 0.237659 0.94
246 0.4209 0.88
247 0.342786 0.85
248 0.217353 0.91
249 0.247308 0.93
250 0.155428 0.97
251 0.416734 0.88
252 0.340719 0.9
253 0.215225 0.95
254 0.291436 0.91
255 0.394705 0.93
256 0.252988 0.92
257 0.36826 0.89
258 0.329262 0.9
259 0.306367 0.93
260 0.240062 0.91
261 0.165699 0.95
262 0.257999 0.9
263 0.191357 0.93
264 0.156771 0.96
265 0.289435 0.9
266 0.291601 0.9
267 0.22341 0.96
268 0.295097 0.92
269 0.153373 0.93
270 0.218729 0.93
271 0.194998 0.94
272 0.269547 0.89
273 0.134206 0.96
274 0.238756 0.91
275 0.261388 0.9
276 0.308057 0.92
277 0.315808 0.9
278 0.395194 0.9
279 0.197161 0.94
280 0.208485 0.94
281 0.196369 0.93
282 0.277296 0.91
283 0.258317 0.93
284 0.256917 0.91
285 0.136351 0.95
286 0.218455 0.93
287 0.350248 0.9
288 0.242219 0.92
289 0.337677 0.93
290 0.276167 0.92
291 0.374045 0.91
292 0.205276 0.94
293 0.309945 0.96
294 0.219927 0.94
295 0.261062 0.95
296 0.205562 0.96
297 0.299115 0.93
298 0.138372 0.95
299 0.250134 0.94
300 0.142638 0.97
301 0.320054 0.89
302 0.20762 0.95
303 0.208964 0.94
304 0.185245 0.91
305 0.163772 0.96
306 0.191273 0.95
307 0.307102 0.93
308 0.248463 0.93
309 0.19082 0.98
310 0.506585 0.88
311 0.214861 0.96
312 0.273018 0.93
313 0.30523 0.89
314 0.218894 0.95
315 0.306258 0.89
316 0.259781 0.9
317 0.238324 0.94
318 0.222593 0.91
319 0.183699 0.94
320 0.163393 0.95
321 0.39317 0.89
322 0.336029 0.9
323 0.249981 0.93
324 0.199025 0.93
325 0.262269 0.92
326 0.369023 0.87
327 0.414453 0.91
328 0.0721821 0.99
329 0.25699 0.91
330 0.303312 0.91
331 0.375617 0.9
332 0.441652 0.89
333 0.232482 0.92
334 0.284962 0.9
335 0.371193 0.87
336 0.32272 0.96
337 0.177231 0.96
338 0.188936 0.93
339 0.416294 0.87
340 0.319977 0.9
341 0.323142 0.92
342 0.136841 0.96
343 0.219123 0.95
344 0.367151 0.87
345 0.223698 0.94
346 0.21641 0.95
347 0.247609 0.9
348 0.153334 0.93
349 0.191089 0.94
350 0.288802 0.9
351 0.173207 0.95
352 0.349342 0.92
353 0.193411 0.92
354 0.136457 0.96
355 0.281567 0.91
356 0.0917895 0.97
357 0.221995 0.93
358 0.215383 0.94
359 0.239034 0.93
360 0.20865 0.94
361 0.211994 0.94
362 0.260523 0.92
363 0.304403 0.92
364 0.164762 0.96
365 0.26905 0.9
366 0.24486 0.92
367 0.208866 0.95
368 0.280337 0.9
369 0.149906 0.96
370 0.125518 0.97
371 0.375535 0.9
372 0.16916 0.97
373 0.268493 0.92
374 0.173223 0.95
375 0.190464 0.97
376 0.255204 0.89
377 0.194052 0.96
378 0.150709 0.96
379 0.348064 0.94
380 0.201725 0.94
381 0.220321 0.95
382 0.169914 0.95
383 0.153048 0.95
384 0.192873 0.92
385 0.101431 0.97
386 0.141165 0.97
387 0.316458 0.94
388 0.267878 0.91
389 0.174667 0.95
390 0.303031 0.88
391 0.157125 0.95
392 0.141289 0.96
393 0.202942 0.92
394 0.206573 0.93
395 0.180405 0.96
396 0.155497 0.97
397 0.181926 0.93
398 0.239533 0.93
399 0.295993 0.93
400 0.13948 0.97
401 0.122839 0.98
402 0.164842 0.93
403 0.210071 0.95
404 0.265453 0.92
405 0.267622 0.91
406 0.153475 0.96
407 0.188003 0.93
408 0.184484 0.93
409 0.194504 0.96
410 0.15245 0.96
411 0.216404 0.93
412 0.18985 0.94
413 0.0981123 0.97
414 0.235858 0.92
415 0.212887 0.93
416 0.213319 0.94
417 0.140678 0.96
418 0.119324 0.95
419 0.226631 0.91
420 0.377508 0.89
421 0.275807 0.96
422 0.24233 0.92
423 0.245351 0.92
424 0.393618 0.91
425 0.223612 0.91
426 0.118369 0.98
427 0.33755 0.92
428 0.108326 0.99
429 0.335947 0.92
430 0.196254 0.94
431 0.200654 0.92
432 0.325533 0.9
433 0.21529 0.94
434 0.236242 0.9
435 0.236049 0.95
436 0.254779 0.9
437 0.24252 0.93
438 0.159829 0.94
439 0.142522 0.94
440 0.205963 0.93
441 0.276238 0.9
442 0.139008 0.96
443 0.215201 0.91
444 0.295131 0.94
445 0.173104 0.95
446 0.242547 0.93
447 0.161164 0.94
448 0.226652 0.94
449 0.288321 0.9
450 0.163461 0.96
451 0.20578 0.95
452 0.381875 0.86
453 0.196221 0.93
454 0.209347 0.94
455 0.372289 0.93
456 0.28391 0.92
457 0.260988 0.88
458 0.263028 0.94
459 0.220148 0.93
460 0.39345 0.88
461 0.105143 0.98
462 0.213888 0.94
463 0.157019 0.94
464 0.459268 0.87
465 0.330762 0.89
466 0.280019 0.9
467 0.167833 0.95
468 0.171865 0.96
469 0.228943 0.93
470 0.196015 0.93
471 0.222561 0.95
472 0.260242 0.92
473 0.203651 0.92
474 0.123084 0.96
475 0.137665 0.95
476 0.26115 0.92
477 0.169355 0.94
478 0.140909 0.97
479 0.18133 0.93
480 0.204914 0.94
481 0.141744 0.95
482 0.261346 0.89
483 0.168279 0.96
484 0.172953 0.97
485 0.180961 0.93
486 0.200728 0.94
487 0.362447 0.89
488 0.168327 0.94
489 0.256244 0.89
490 0.11329 0.95
491 0.185713 0.96
492 0.370902 0.87
493 0.123648 0.92
494 0.166307 0.93
495 0.215642 0.95
496 0.198204 0.93
497 0.167549 0.95
498 0.124309 0.97
499 0.154667 0.95
500 0.222593 0.92
501 0.122683 0.96
502 0.115032 0.97
503 0.110096 0.98
504 0.196725 0.96
505 0.168723 0.94
506 0.134579 0.95
507 0.217151 0.91
508 0.197937 0.96
509 0.234142 0.91
510 0.047401 1.0
511 0.0712203 0.97
512 0.221173 0.94
513 0.186731 0.92
514 0.21355 0.96
515 0.196769 0.94
516 0.289133 0.94
517 0.199674 0.94
518 0.126156 0.94
519 0.112254 0.96
520 0.226817 0.93
521 0.295845 0.95
522 0.225361 0.96
523 0.101378 0.97
524 0.123505 0.97
525 0.243105 0.93
526 0.148221 0.97
527 0.305432 0.96
528 0.0979042 0.97
529 0.317543 0.91
530 0.0570225 0.99
531 0.181762 0.94
532 0.0943543 0.96
533 0.174029 0.92
534 0.141574 0.94
535 0.13326 0.95
536 0.158083 0.96
537 0.170108 0.94
538 0.118455 0.97
539 0.0899812 0.98
540 0.176296 0.95
541 0.133966 0.96
542 0.101308 0.98
543 0.150427 0.96
544 0.192816 0.95
545 0.142927 0.96
546 0.144169 0.92
547 0.171044 0.97
548 0.146017 0.95
549 0.128732 0.95
550 0.15857 0.94
551 0.0728902 0.98
552 0.178857 0.95
553 0.180537 0.94
554 0.176989 0.97
555 0.136552 0.97
556 0.169524 0.93
557 0.232848 0.92
558 0.186662 0.96
559 0.197266 0.94
560 0.0991444 0.98
561 0.151173 0.95
562 0.143044 0.96
563 0.148979 0.95
564 0.15181 0.93
565 0.252419 0.94
566 0.153503 0.94
567 0.136574 0.96
568 0.113534 0.95
569 0.201919 0.96
570 0.159198 0.96
571 0.183893 0.94
572 0.146074 0.96
573 0.196199 0.94
574 0.23503 0.93
575 0.220625 0.92
576 0.251026 0.92
577 0.193175 0.93
578 0.101469 0.97
579 0.0703768 0.99
580 0.227345 0.9
581 0.167545 0.95
582 0.125513 0.96
583 0.0815113 0.99
584 0.0793214 0.98
585 0.209683 0.92
586 0.122352 0.96
587 0.166349 0.95
588 0.0896721 0.98
589 0.139262 0.92
590 0.117844 0.95
591 0.125904 0.95
592 0.221037 0.92
593 0.215331 0.95
594 0.154718 0.95
595 0.173704 0.96
596 0.198147 0.95
597 0.196142 0.92
598 0.178259 0.91
599 0.101679 0.95
600 0.166289 0.95
601 0.20408 0.94
602 0.0738402 0.97
603 0.297214 0.93
604 0.338203 0.92
605 0.0800919 0.98
606 0.147879 0.96
607 0.23186 0.93
608 0.188117 0.93
609 0.170478 0.97
610 0.311457 0.93
611 0.186552 0.94
612 0.100208 0.95
613 0.126517 0.97
614 0.113108 0.97
615 0.110758 0.97
616 0.146876 0.96
617 0.262621 0.91
618 0.274038 0.91
619 0.272085 0.9
620 0.114184 0.96
621 0.118447 0.96
622 0.104324 0.97
623 0.117253 0.95
624 0.1939 0.93
625 0.220335 0.94
626 0.130406 0.95
627 0.164674 0.95
628 0.187464 0.93
629 0.14332 0.94
630 0.288964 0.96
631 0.263283 0.91
632 0.165947 0.96
633 0.191823 0.92
634 0.197208 0.96
635 0.116836 0.95
636 0.118347 0.96
637 0.111345 0.97
638 0.185712 0.95
639 0.149707 0.96
640 0.146236 0.96
641 0.14669 0.97
642 0.188106 0.92
643 0.0842076 0.98
644 0.233933 0.95
645 0.136769 0.93
646 0.314614 0.94
647 0.214523 0.95
648 0.0974284 0.98
649 0.254475 0.95
650 0.0853433 0.98
651 0.133373 0.94
652 0.195427 0.93
653 0.0919034 0.97
654 0.127461 0.97
655 0.0881482 0.99
656 0.200684 0.95
657 0.252642 0.93
658 0.0756984 0.97
659 0.166652 0.94
660 0.309039 0.91
661 0.18144 0.94
662 0.0681746 0.98
663 0.127759 0.96
664 0.114473 0.97
665 0.15236 0.96
666 0.2225 0.93
667 0.0688997 0.98
668 0.102215 0.96
669 0.109488 0.95
670 0.163697 0.96
671 0.112959 0.95
672 0.193767 0.93
673 0.170244 0.95
674 0.153969 0.96
675 0.154414 0.96
676 0.0669542 0.99
677 0.237083 0.92
678 0.210646 0.93
679 0.0939277 0.96
680 0.217815 0.94
681 0.167771 0.96
682 0.103544 0.97
683 0.118134 0.96
684 0.0786073 0.99
685 0.122776 0.96
686 0.0870381 0.98
687 0.172622 0.93
688 0.168559 0.97
689 0.213068 0.9
690 0.161915 0.94
691 0.258564 0.91
692 0.124344 0.97
693 0.189997 0.95
694 0.197644 0.92
695 0.19616 0.91
696 0.0837817 0.96
697 0.131694 0.97
698 0.169725 0.93
699 0.133912 0.97
700 0.300074 0.95
701 0.12955 0.98
702 0.210186 0.93
703 0.161348 0.94
704 0.216013 0.93
705 0.290488 0.96
706 0.188453 0.96
707 0.0924791 0.98
708 0.17439 0.96
709 0.130341 0.93
710 0.141251 0.95
711 0.204489 0.93
712 0.277867 0.91
713 0.125657 0.96
714 0.107675 0.97
715 0.142533 0.97
716 0.160969 0.94
717 0.137624 0.96
718 0.0796534 0.97
719 0.105752 0.96
720 0.0725886 0.99
721 0.109608 0.97
722 0.166793 0.95
723 0.146442 0.96
724 0.113255 0.97
725 0.192665 0.93
726 0.150212 0.96
727 0.206981 0.94
728 0.203112 0.98
729 0.182586 0.95
730 0.163394 0.98
731 0.0880897 0.97
732 0.226436 0.92
733 0.122107 0.97
734 0.130065 0.96
735 0.158907 0.94
736 0.0980078 0.96
737 0.235821 0.93
738 0.229146 0.93
739 0.140456 0.96
740 0.263443 0.91
741 0.199288 0.95
742 0.123117 0.99
743 0.236954 0.95
744 0.0802194 0.99
745 0.211074 0.93
746 0.353752 0.93
747 0.207836 0.93
748 0.0735258 0.98
749 0.17066 0.95
750 0.0587715 0.99
751 0.15854 0.93
752 0.200068 0.92
753 0.201569 0.94
754 0.140127 0.96
755 0.139158 0.96
756 0.206046 0.94
757 0.0932927 0.95
758 0.122732 0.95
759 0.135195 0.96
760 0.16675 0.94
761 0.0958939 0.98
762 0.112657 0.98
763 0.136856 0.94
764 0.147602 0.95
765 0.112005 0.99
766 0.106337 0.97
767 0.0627967 0.98
768 0.0896965 0.97
769 0.108293 0.98
770 0.209725 0.96
771 0.141487 0.96
772 0.0605542 0.98
773 0.0999497 0.96
774 0.151757 0.94
775 0.121888 0.98
776 0.079374 0.98
777 0.0679998 0.99
778 0.164379 0.94
779 0.1165 0.97
780 0.148761 0.95
781 0.0642194 0.98
782 0.132726 0.95
783 0.0674291 0.98
784 0.228868 0.92
785 0.151638 0.94
786 0.101732 0.96
787 0.187929 0.95
788 0.123836 0.98
789 0.0925777 0.98
790 0.0744154 0.99
791 0.240234 0.97
792 0.135598 0.96
793 0.327168 0.9
794 0.221882 0.91
795 0.183764 0.95
796 0.121944 0.97
797 0.195371 0.96
798 0.191136 0.93
799 0.0252019 1.0
800 0.266767 0.93
801 0.209176 0.91
802 0.283811 0.91
803 0.19858 0.95
804 0.112897 0.97
805 0.147177 0.95
806 0.177659 0.95
807 0.179319 0.95
808 0.128217 0.95
809 0.225242 0.92
810 0.104802 0.97
811 0.0664283 0.98
812 0.234999 0.95
813 0.12635 0.96
814 0.129307 0.94
815 0.0783368 0.99
816 0.0802616 0.97
817 0.111472 0.96
818 0.213692 0.95
819 0.191474 0.95
820 0.158236 0.95
821 0.145497 0.94
822 0.156598 0.94
823 0.233709 0.93
824 0.15651 0.96
825 0.1277 0.96
826 0.193118 0.94
827 0.161297 0.94
828 0.126852 0.97
829 0.190313 0.95
830 0.286931 0.95
831 0.126853 0.97
832 0.104236 0.98
833 0.0825131 0.98
834 0.190905 0.93
835 0.0712814 0.99
836 0.170151 0.94
837 0.156189 0.95
838 0.163639 0.96
839 0.0929185 0.97
840 0.223368 0.93
841 0.242339 0.97
842 0.088748 0.97
843 0.110004 0.96
844 0.13708 0.97
845 0.203461 0.95
846 0.148531 0.93
847 0.16298 0.95
848 0.0931996 0.97
849 0.150573 0.94
850 0.119849 0.97
851 0.118656 0.97
852 0.1653 0.95
853 0.223321 0.92
854 0.255146 0.91
855 0.208375 0.95
856 0.11961 0.96
857 0.0571362 0.99
858 0.206114 0.92
859 0.215248 0.95
860 0.114363 0.96
861 0.285646 0.91
862 0.110816 0.98
863 0.200236 0.93
864 0.0828327 0.97
865 0.161253 0.94
866 0.0669387 0.99
867 0.0739277 0.98
868 0.069254 0.98
869 0.159513 0.93
870 0.127675 0.95
871 0.211318 0.91
872 0.137434 0.96
873 0.112973 0.98
874 0.23258 0.92
875 0.12766 0.96
876 0.106947 0.96
877 0.140601 0.95
878 0.104266 0.96
879 0.106221 0.97
880 0.083264 0.96
881 0.0767117 0.99
882 0.0980512 0.97
883 0.108948 0.98
884 0.177505 0.92
885 0.158401 0.95
886 0.13114 0.97
887 0.217873 0.94
888 0.152841 0.95
889 0.19884 0.93
890 0.122234 0.97
891 0.106133 0.98
892 0.075634 0.99
893 0.130321 0.96
894 0.113515 0.95
895 0.174132 0.94
896 0.164148 0.94
897 0.0842364 0.98
898 0.112933 0.96
899 0.191094 0.94
900 0.114696 0.97
901 0.0935094 0.97
902 0.262408 0.9
903 0.119282 0.96
904 0.0825305 0.98
905 0.193605 0.94
906 0.152751 0.95
907 0.0693329 0.97
908 0.112062 0.96
909 0.0687347 0.98
910 0.168883 0.94
911 0.126522 0.95
912 0.163427 0.95
913 0.0694924 0.99
914 0.0666928 0.98
915 0.209175 0.95
916 0.15201 0.97
917 0.255532 0.94
918 0.1036 0.98
919 0.168423 0.97
920 0.104249 0.95
921 0.0918484 0.98
922 0.34026 0.94
923 0.0973509 0.96
924 0.188037 0.91
925 0.122477 0.98
926 0.0606466 0.98
927 0.129167 0.97
928 0.166789 0.97
929 0.101746 0.95
930 0.133475 0.97
931 0.167431 0.97
932 0.1549 0.94
933 0.153221 0.96
934 0.0916277 0.98
935 0.19229 0.94
936 0.108301 0.98
937 0.14495 0.96
938 0.153371 0.95
939 0.168906 0.95
940 0.218275 0.95
941 0.136959 0.95
942 0.0563772 0.98
943 0.111226 0.98
944 0.210238 0.92
945 0.170418 0.96
946 0.0998365 0.97
947 0.0429652 0.99
948 0.151848 0.94
949 0.10889 0.97
950 0.148753 0.95
951 0.0747516 0.98
952 0.144048 0.98
953 0.161773 0.96
954 0.255998 0.92
955 0.0905871 0.97
956 0.185416 0.93
957 0.16313 0.98
958 0.118853 0.96
959 0.153261 0.96
960 0.1214 0.97
961 0.104786 0.97
962 0.162291 0.96
963 0.161053 0.97
964 0.107723 0.97
965 0.10668 0.96
966 0.188659 0.93
967 0.290031 0.89
968 0.141381 0.96
969 0.289614 0.96
970 0.15395 0.94
971 0.154801 0.94
972 0.127247 0.96
973 0.120006 0.96
974 0.106026 0.96
975 0.201692 0.92
976 0.226901 0.91
977 0.1756 0.95
978 0.0931438 0.97
979 0.10462 0.98
980 0.320383 0.9
981 0.108163 0.97
982 0.200725 0.92
983 0.145653 0.95
984 0.108937 0.98
985 0.101024 0.98
986 0.0820963 0.98
987 0.122734 0.96
988 0.182589 0.96
989 0.0764999 0.99
990 0.0888387 0.97
991 0.0828245 0.98
992 0.272215 0.93
993 0.117771 0.96
994 0.153974 0.95
995 0.114392 0.96
996 0.158601 0.93
997 0.155602 0.97
998 0.125143 0.94
999 0.141015 0.96
1000 0.0714918 0.97
1001 0.0791387 0.97
1002 0.0782116 0.97
1003 0.0984424 0.97
1004 0.145368 0.97
1005 0.0785147 0.97
1006 0.0826256 0.96
1007 0.0930712 0.97
1008 0.201975 0.94
1009 0.0871219 0.96
1010 0.103384 0.96
1011 0.085697 0.98
1012 0.0659075 0.98
1013 0.0615781 0.99
1014 0.0967014 0.97
1015 0.289567 0.94
1016 0.0835873 0.98
1017 0.195881 0.93
1018 0.178646 0.96
1019 0.0528846 0.98
1020 0.138874 0.95
1021 0.0779279 0.96
1022 0.100429 0.99
1023 0.163833 0.95
1024 0.143571 0.94
1025 0.0632613 0.98
1026 0.172071 0.95
1027 0.37072 0.93
1028 0.211664 0.95
1029 0.185819 0.94
1030 0.251846 0.9
1031 0.176845 0.93
1032 0.120555 0.97
1033 0.0743292 0.98
1034 0.132539 0.96
1035 0.15296 0.94
1036 0.120538 0.96
1037 0.0624447 0.98
1038 0.0462896 0.99
1039 0.158009 0.94
1040 0.0582549 0.97
1041 0.200646 0.95
1042 0.0544993 0.99
1043 0.147119 0.94
1044 0.203634 0.96
1045 0.158927 0.96
1046 0.209114 0.93
1047 0.154277 0.97
1048 0.0786736 0.99
1049 0.147793 0.95
1050 0.0866194 0.99
1051 0.096594 0.99
1052 0.140582 0.98
1053 0.0491533 0.99
1054 0.125839 0.97
1055 0.0767795 0.98
1056 0.165488 0.95
1057 0.0860357 0.97
1058 0.0306572 0.99
1059 0.136538 0.95
1060 0.0715961 0.97
1061 0.0722742 0.98
1062 0.0759999 0.97
1063 0.0634615 1.0
1064 0.0625103 1.0
1065 0.153751 0.95
1066 0.159156 0.94
1067 0.126463 0.97
1068 0.14047 0.98
1069 0.130399 0.98
1070 0.115874 0.96
1071 0.0676664 0.99
1072 0.0824408 0.98
1073 0.189367 0.95
1074 0.137415 0.96
1075 0.108455 0.94
1076 0.0440631 0.98
1077 0.0961673 0.96
1078 0.0903963 0.97
1079 0.0291775 1.0
1080 0.0814074 0.98
1081 0.097061 0.97
1082 0.0763156 0.97
1083 0.161894 0.97
1084 0.179087 0.95
1085 0.122979 0.98
1086 0.0447114 0.99
1087 0.194315 0.95
1088 0.110594 0.96
1089 0.115465 0.97
1090 0.1267 0.96
1091 0.12414 0.94
1092 0.0729612 0.97
1093 0.0714317 0.97
1094 0.0799141 0.97
1095 0.0423007 0.99
1096 0.136153 0.96
1097 0.164747 0.97
1098 0.0568255 0.99
1099 0.109808 0.97
1100 0.183354 0.94
1101 0.0821037 0.97
1102 0.094918 0.96
1103 0.157984 0.97
1104 0.109575 0.96
1105 0.0344736 1.0
1106 0.103734 0.96
1107 0.0477767 0.98
1108 0.0700869 0.97
1109 0.101244 0.96
1110 0.18445 0.94
1111 0.095312 0.97
1112 0.0773556 0.97
1113 0.158616 0.95
1114 0.104767 0.98
1115 0.189899 0.95
1116 0.0727426 0.98
1117 0.0617883 0.97
1118 0.0817647 0.97
1119 0.198631 0.91
1120 0.17492 0.96
1121 0.146956 0.96
1122 0.0645672 0.98
1123 0.109834 0.99
1124 0.252504 0.96
1125 0.148803 0.96
1126 0.0979639 0.98
1127 0.111519 0.96
1128 0.0662445 0.98
1129 0.0495512 0.98
1130 0.131757 0.96
1131 0.0618359 0.98
1132 0.214245 0.93
1133 0.232646 0.95
1134 0.0643664 0.97
1135 0.0706282 0.98
1136 0.103056 0.96
1137 0.0815999 0.97
1138 0.0803409 0.97
1139 0.100592 0.96
1140 0.160842 0.97
1141 0.215118 0.96
1142 0.0849058 0.97
1143 0.0572813 0.99
1144 0.0865182 0.97
1145 0.212441 0.94
1146 0.0919015 0.98
1147 0.0593866 0.98
1148 0.0613156 0.99
1149 0.203223 0.94
1150 0.216812 0.9
1151 0.155664 0.96
1152 0.252289 0.94
1153 0.115011 0.96
1154 0.104403 0.97
1155 0.119486 0.97
1156 0.108457 0.98
1157 0.0798627 0.96
1158 0.108986 0.96
1159 0.0926428 0.95
1160 0.16832 0.95
1161 0.070943 0.97
1162 0.160819 0.95
1163 0.151981 0.95
1164 0.103782 0.98
1165 0.12607 0.93
1166 0.207121 0.9
1167 0.187969 0.93
1168 0.149025 0.94
1169 0.188748 0.96
1170 0.0977971 0.98
1171 0.103327 0.97
1172 0.127631 0.96
1173 0.148476 0.92
1174 0.0930027 0.97
1175 0.0441515 1.0
1176 0.0617406 0.99
1177 0.0945458 0.97
1178 0.0759219 0.98
1179 0.0699772 0.99
1180 0.12555 0.94
1181 0.0547816 0.99
1182 0.144174 0.94
1183 0.0702324 0.98
1184 0.0713592 0.98
1185 0.0936018 0.97
1186 0.123222 0.95
1187 0.0527001 0.98
1188 0.0743285 0.97
1189 0.132117 0.95
1190 0.129459 0.93
1191 0.150906 0.97
1192 0.0896546 0.96
1193 0.0866266 0.99
1194 0.141499 0.98
1195 0.0776267 0.98
1196 0.110645 0.97
1197 0.0473959 0.99
1198 0.133698 0.96
1199 0.155108 0.93
1200 0.0200993 1.0
1201 0.183247 0.95
1202 0.101417 0.98
1203 0.162918 0.95
1204 0.0610067 0.98
1205 0.086037 0.98
1206 0.0718935 0.99
1207 0.0936212 0.96
1208 0.0413341 1.0
1209 0.125618 0.93
1210 0.110366 0.98
1211 0.0665194 0.98
1212 0.0777136 0.97
1213 0.149442 0.95
1214 0.0927463 0.95
1215 0.104103 0.97
1216 0.0750444 0.98
1217 0.0397615 0.99
1218 0.0736004 0.97
1219 0.058312 0.97
1220 0.0606636 0.98
1221 0.0815738 0.96
1222 0.165183 0.95
1223 0.115909 0.97
1224 0.0935454 0.98
1225 0.157409 0.96
1226 0.108953 0.95
1227 0.051601 0.99
1228 0.116895 0.96
1229 0.0818079 0.96
1230 0.0757551 0.97
1231 0.0825325 0.97
1232 0.108015 0.95
1233 0.142059 0.94
1234 0.228846 0.93
1235 0.0740896 0.97
1236 0.0572318 0.99
1237 0.210742 0.91
1238 0.0679087 0.98
1239 0.0560064 0.98
1240 0.0490187 0.98
1241 0.0768648 0.96
1242 0.0933712 0.96
1243 0.136103 0.96
1244 0.170764 0.96
1245 0.0691783 0.97
1246 0.106287 0.97
1247 0.162605 0.95
1248 0.177125 0.92
1249 0.0710168 0.99
1250 0.0878807 0.96
1251 0.120845 0.98
1252 0.18472 0.97
1253 0.127542 0.96
1254 0.107685 0.96
1255 0.0882398 0.98
1256 0.13463 0.98
1257 0.0955681 0.98
1258 0.151669 0.93
1259 0.160532 0.95
1260 0.0537725 1.0
1261 0.177829 0.94
1262 0.0637078 0.99
1263 0.1676 0.94
1264 0.0555891 0.99
1265 0.0619097 0.98
1266 0.155728 0.93
1267 0.151005 0.96
1268 0.088862 0.98
1269 0.0556339 0.97
1270 0.0916303 0.97
1271 0.218199 0.96
1272 0.0264462 0.99
1273 0.141985 0.95
1274 0.0669345 0.99
1275 0.0860839 0.98
1276 0.135737 0.98
1277 0.154821 0.94
1278 0.0851413 0.96
1279 0.146965 0.95
1280 0.11903 0.97
1281 0.160786 0.93
1282 0.159773 0.95
1283 0.126155 0.97
1284 0.107424 0.96
1285 0.0624365 0.97
1286 0.151197 0.97
1287 0.0430083 0.99
1288 0.127514 0.96
1289 0.0723413 0.97
1290 0.0592965 0.98
1291 0.12539 0.92
1292 0.139353 0.96
1293 0.125109 0.94
1294 0.0633601 0.97
1295 0.158472 0.95
1296 0.0973686 0.99
1297 0.125392 0.95
1298 0.142732 0.95
1299 0.142772 0.96
1300 0.124899 0.97
1301 0.103615 0.94
1302 0.150151 0.94
1303 0.0962261 0.98
1304 0.0292814 1.0
1305 0.172771 0.97
1306 0.0943463 0.96
1307 0.144013 0.94
1308 0.0524296 0.98
1309 0.128002 0.98
1310 0.130696 0.94
1311 0.0896478 0.98
1312 0.0376229 0.99
1313 0.1063 0.96
1314 0.1548 0.98
1315 0.0399772 1.0
1316 0.118193 0.96
1317 0.211261 0.94
1318 0.072912 0.97
1319 0.0989257 0.98
1320 0.151899 0.95
1321 0.0879002 0.96
1322 0.106344 0.95
1323 0.139273 0.95
1324 0.0805909 0.96
1325 0.0970021 0.98
1326 0.0953453 0.97
1327 0.0690041 0.96
1328 0.0549468 0.99
1329 0.0811601 0.97
1330 0.140872 0.94
1331 0.146975 0.96
1332 0.0492042 0.98
1333 0.167048 0.96
1334 0.0958771 0.97
1335 0.0868041 0.97
1336 0.108919 0.97
1337 0.103122 0.97
1338 0.217381 0.92
1339 0.133487 0.95
1340 0.10529 0.98
1341 0.146273 0.94
1342 0.17368 0.97
1343 0.112883 0.95
1344 0.0610944 0.99
1345 0.20179 0.92
1346 0.0741594 0.97
1347 0.0859968 0.98
1348 0.0337218 1.0
1349 0.0848721 0.97
1350 0.122056 0.97
1351 0.0751484 0.97
1352 0.0717134 0.98
1353 0.166809 0.96
1354 0.0707831 0.97
1355 0.069905 0.98
1356 0.0609981 0.97
1357 0.063085 0.98
1358 0.154638 0.94
1359 0.0970039 0.94
1360 0.0623086 0.98
1361 0.101806 0.97
1362 0.0897162 0.99
1363 0.0575725 0.98
1364 0.0780402 0.97
1365 0.185204 0.96
1366 0.131226 0.96
1367 0.140189 0.96
1368 0.103009 0.98
1369 0.157858 0.93
1370 0.0524965 0.99
1371 0.0501328 0.99
1372 0.339579 0.91
1373 0.0939983 0.97
1374 0.168463 0.96
1375 0.0926803 0.96
1376 0.111411 0.97
1377 0.128251 0.96
1378 0.136909 0.94
1379 0.24276 0.94
1380 0.121127 0.94
1381 0.0587445 0.98
1382 0.0640237 0.98
1383 0.0965296 0.98
1384 0.194791 0.92
1385 0.070734 0.99
1386 0.0811023 0.97
1387 0.0968903 0.96
1388 0.064106 0.96
1389 0.0776368 0.98
1390 0.333255 0.92
1391 0.0638153 0.97
1392 0.164567 0.94
1393 0.0858217 0.97
1394 0.0374587 0.99
1395 0.164792 0.95
1396 0.133601 0.95
1397 0.0362294 1.0
1398 0.133264 0.96
1399 0.112189 0.96
1400 0.185215 0.95
1401 0.0509863 0.98
1402 0.0415263 0.99
1403 0.161004 0.96
